# E (eV)   ldos(E)   pdos(E)    pdos(E)    pdos(E)   
-16.193000 0.000000 0.000000 0.000000 0.000000
-16.183000 0.115780 0.000000 0.058008 0.057968
-16.173000 0.096780 0.000000 0.048460 0.048260
-16.163000 0.118820 0.000000 0.059520 0.059660
-16.153000 0.143700 0.000000 0.071700 0.071720
-16.143000 0.142760 0.000000 0.071500 0.071280
-16.133000 0.146080 0.000000 0.073100 0.072980
-16.123000 0.161900 0.000000 0.081140 0.080980
-16.113000 0.178480 0.000000 0.089440 0.089580
-16.103000 0.195800 0.000000 0.097900 0.097980
-16.093000 0.195400 0.000000 0.097740 0.097600
-16.083000 0.203800 0.000000 0.101640 0.101840
-16.073000 0.212200 0.000000 0.105920 0.105720
-16.063000 0.223400 0.000000 0.111800 0.111600
-16.053000 0.237200 0.000000 0.118620 0.118620
-16.043000 0.251200 0.000000 0.125860 0.125860
-16.033000 0.265600 0.000000 0.132740 0.132540
-16.023000 0.270600 0.000000 0.135400 0.135200
-16.013000 0.271200 0.000000 0.135500 0.135700
-16.003000 0.280800 0.000000 0.140420 0.140420
-15.993000 0.291200 0.000000 0.145600 0.145600
-15.983000 0.300800 0.000000 0.150400 0.150200
-15.973000 0.311000 0.000000 0.155600 0.155400
-15.963000 0.323400 0.000000 0.161600 0.162000
-15.953000 0.335800 0.000000 0.167800 0.167800
-15.943000 0.348200 0.000000 0.174000 0.174000
-15.933000 0.350800 0.000000 0.175400 0.175600
-15.923000 0.356800 0.000000 0.178200 0.178200
-15.913000 0.362200 0.000000 0.181000 0.181000
-15.903000 0.370200 0.000000 0.185200 0.185000
-15.893000 0.380400 0.000000 0.190400 0.190200
-15.883000 0.390600 0.000000 0.195200 0.195200
-15.873000 0.400200 0.000000 0.200200 0.199800
-15.863000 0.410200 0.000000 0.205200 0.205000
-15.853000 0.420600 0.000000 0.210200 0.210200
-15.843000 0.432000 0.000000 0.216000 0.216000
-15.833000 0.443000 0.000000 0.221600 0.221600
-15.823000 0.446800 0.000000 0.223600 0.223600
-15.813000 0.450600 0.000000 0.225400 0.225400
-15.803000 0.458400 0.000000 0.229400 0.229200
-15.793000 0.466400 0.000000 0.233600 0.233400
-15.783000 0.474400 0.000000 0.237200 0.237200
-15.773000 0.483800 0.000000 0.242000 0.241800
-15.763000 0.493800 0.000000 0.247000 0.247000
-15.753000 0.504000 0.000000 0.252200 0.252000
-15.743000 0.514600 0.000000 0.257200 0.257200
-15.733000 0.524600 0.000000 0.262200 0.262600
-15.723000 0.534800 0.000000 0.267600 0.267400
-15.713000 0.546000 0.000000 0.273000 0.273000
-15.703000 0.557000 0.000000 0.278600 0.278600
-15.693000 0.559000 0.000000 0.279800 0.279800
-15.683000 0.566000 0.000000 0.283200 0.282800
-15.673000 0.575400 0.000000 0.287400 0.287600
-15.663000 0.585200 0.000000 0.292800 0.292600
-15.653000 0.595200 0.000000 0.297400 0.297600
-15.643000 0.605200 0.000000 0.302600 0.302800
-15.633000 0.616400 0.000000 0.308000 0.308200
-15.623000 0.628400 0.000000 0.314200 0.314400
-15.613000 0.641000 0.000000 0.320600 0.320600
-15.603000 0.653600 0.000000 0.326600 0.326600
-15.593000 0.666200 0.000000 0.333200 0.333200
-15.583000 0.679000 0.000000 0.339400 0.339200
-15.573000 0.691600 0.000000 0.345600 0.345600
-15.563000 0.702600 0.000000 0.351400 0.351400
-15.553000 0.711400 0.000000 0.356800 0.356800
-15.543000 0.725400 0.000000 0.364000 0.363600
-15.533000 0.739200 0.000000 0.371000 0.371200
-15.523000 0.759800 0.000000 0.380200 0.380400
-15.513000 0.780400 0.000000 0.389600 0.389600
-15.503000 0.801000 0.000000 0.399200 0.399200
-15.493000 0.815600 0.000000 0.409000 0.409000
-15.483000 0.843200 0.000000 0.422200 0.422200
-15.473000 0.877200 0.000000 0.437200 0.437400
-15.463000 0.905200 0.000000 0.452200 0.452400
-15.453000 0.933200 0.000000 0.467600 0.467800
-15.443000 0.967000 0.000000 0.483200 0.483000
-15.433000 1.015200 0.000000 0.506400 0.506400
-15.423000 1.070800 0.000000 0.536000 0.536000
-15.413000 1.132400 0.000000 0.565600 0.565800
-15.403000 1.215200 0.000000 0.606200 0.605400
-15.393000 1.340600 0.000000 0.671400 0.670600
-15.383000 4.648000 0.000000 2.326000 2.322000
-15.373000 1.258000 0.000000 0.632000 0.629200
-15.363000 1.146800 0.000000 0.574600 0.575200
-15.353000 1.035200 0.000000 0.518400 0.518200
-15.343000 0.923600 0.000000 0.461000 0.461400
-15.333000 0.805600 0.000000 0.403600 0.403600
-15.323000 0.812200 0.000000 0.405800 0.405600
-15.313000 0.826800 0.000000 0.413400 0.413400
-15.303000 0.841600 0.000000 0.421400 0.421400
-15.293000 0.610200 0.000000 0.305400 0.305000
-15.283000 0.630200 0.000000 0.315000 0.315000
-15.273000 0.649800 0.000000 0.325000 0.324800
-15.263000 0.629000 0.000000 0.314800 0.314800
-15.253000 0.594600 0.000000 0.297400 0.297400
-15.243000 0.559600 0.000000 0.279800 0.280000
-15.233000 0.524200 0.000000 0.262200 0.262200
-15.223000 0.489000 0.000000 0.244400 0.244400
-15.213000 0.452400 0.000000 0.226200 0.226200
-15.203000 0.416200 0.000000 0.208000 0.208200
-15.193000 0.386600 0.000000 0.193200 0.193400
-15.183000 0.381800 0.000000 0.191000 0.190800
-15.173000 0.377600 0.000000 0.188600 0.188600
-15.163000 0.372800 0.000000 0.186600 0.186400
-15.153000 0.367400 0.000000 0.183800 0.184000
-15.143000 0.362600 0.000000 0.181400 0.181400
-15.133000 0.357400 0.000000 0.178800 0.178800
-15.123000 0.217000 0.000000 0.108480 0.108680
-15.113000 0.204200 0.000000 0.102020 0.102060
-15.103000 0.190600 0.000000 0.095180 0.095400
-15.093000 0.177000 0.000000 0.088360 0.088740
-15.083000 0.163600 0.000000 0.081900 0.081780
-15.073000 0.150000 0.000000 0.075020 0.074800
-15.063000 0.135600 0.000000 0.068120 0.067960
-15.053000 0.122000 0.000000 0.060980 0.060920
-15.043000 0.107720 0.000000 0.053960 0.053940
-15.033000 0.093960 0.000000 0.046880 0.046840
-15.023000 0.079580 0.000000 0.039740 0.039720
-15.013000 0.065040 0.000000 0.032540 0.032540
-15.003000 0.050520 0.000000 0.025300 0.025300
-14.993000 0.035900 0.000000 0.017960 0.017940
-14.983000 0.021200 0.000000 0.010588 0.010618
-14.973000 0.006370 0.000000 0.003186 0.003184
-14.963000 0.008286 0.000000 0.004134 0.004134
-14.953000 0.022920 0.000000 0.011480 0.011460
-14.943000 0.037660 0.000000 0.018800 0.018800
-14.933000 0.052520 0.000000 0.026260 0.026240
-14.923000 0.067400 0.000000 0.033720 0.033720
-14.913000 0.082580 0.000000 0.041240 0.041200
-14.903000 0.097360 0.000000 0.048760 0.048780
-14.893000 0.112800 0.000000 0.056380 0.056280
-14.883000 0.128200 0.000000 0.064100 0.063960
-14.873000 0.143200 0.000000 0.071720 0.071660
-14.863000 0.158800 0.000000 0.079360 0.079380
-14.853000 0.174400 0.000000 0.087440 0.087180
-14.843000 0.190000 0.000000 0.095140 0.095020
-14.833000 0.205800 0.000000 0.102840 0.102960
-14.823000 0.222000 0.000000 0.111040 0.111000
-14.813000 0.237800 0.000000 0.118800 0.118800
-14.803000 0.403600 0.000000 0.202000 0.202000
-14.793000 0.406000 0.000000 0.203000 0.203200
-14.783000 0.408400 0.000000 0.204200 0.204400
-14.773000 0.410600 0.000000 0.205400 0.205200
-14.763000 0.412800 0.000000 0.206600 0.206400
-14.753000 0.415400 0.000000 0.207800 0.207600
-14.743000 0.431000 0.000000 0.215200 0.215200
-14.733000 0.480000 0.000000 0.240000 0.240000
-14.723000 0.529200 0.000000 0.264400 0.264400
-14.713000 0.578600 0.000000 0.289400 0.289400
-14.703000 0.628400 0.000000 0.314000 0.314000
-14.693000 0.677800 0.000000 0.339200 0.339200
-14.683000 0.728000 0.000000 0.363800 0.364000
-14.673000 0.776600 0.000000 0.388800 0.388800
-14.663000 0.830800 0.000000 0.414400 0.414400
-14.653000 0.691800 0.000000 0.345800 0.345800
-14.643000 1.144000 0.000000 0.573200 0.573200
-14.633000 0.898000 0.000000 0.448200 0.448200
-14.623000 1.006000 0.000000 0.504000 0.504200
-14.613000 1.176000 0.000000 0.586600 0.586400
-14.603000 1.340000 0.000000 0.669200 0.670200
-14.593000 2.422000 0.000000 1.212000 1.210000
-14.583000 1.624000 0.000000 0.814400 0.812800
-14.573000 1.524000 0.000000 0.759200 0.760800
-14.563000 1.418000 0.000000 0.707800 0.708200
-14.553000 1.306000 0.000000 0.654400 0.653800
-14.543000 1.224000 0.000000 0.611800 0.610800
-14.533000 1.168000 0.000000 0.584600 0.584800
-14.523000 1.116000 0.000000 0.557400 0.557400
-14.513000 1.068000 0.000000 0.534200 0.534000
-14.503000 1.036000 0.000000 0.517400 0.517400
-14.493000 1.006000 0.000000 0.503200 0.503200
-14.483000 0.980000 0.000000 0.489200 0.489400
-14.473000 0.950000 0.000000 0.475400 0.475400
-14.463000 0.918000 0.000000 0.458400 0.458600
-14.453000 0.902000 0.000000 0.451000 0.450600
-14.443000 0.886000 0.000000 0.442800 0.442800
-14.433000 0.868000 0.000000 0.434800 0.434600
-14.423000 0.860000 0.000000 0.430200 0.430000
-14.413000 0.851800 0.000000 0.425200 0.425600
-14.403000 0.843400 0.000000 0.420600 0.420800
-14.393000 0.828800 0.000000 0.416000 0.415800
-14.383000 0.820400 0.000000 0.411000 0.411200
-14.373000 0.811800 0.000000 0.406200 0.406400
-14.363000 0.803400 0.000000 0.401400 0.401200
-14.353000 0.794800 0.000000 0.396400 0.396400
-14.343000 0.780600 0.000000 0.391600 0.391800
-14.333000 0.774000 0.000000 0.387200 0.387000
-14.323000 0.764600 0.000000 0.382400 0.382200
-14.313000 0.755600 0.000000 0.377600 0.377600
-14.303000 0.747000 0.000000 0.373200 0.373200
-14.293000 0.738400 0.000000 0.369000 0.369200
-14.283000 0.729000 0.000000 0.364400 0.364800
-14.273000 0.713600 0.000000 0.356800 0.356800
-14.263000 0.698000 0.000000 0.348800 0.349000
-14.253000 0.688600 0.000000 0.344200 0.344400
-14.243000 0.684600 0.000000 0.342400 0.342200
-14.233000 0.680600 0.000000 0.340200 0.340200
-14.223000 0.676600 0.000000 0.338200 0.338000
-14.213000 0.672400 0.000000 0.335800 0.336000
-14.203000 0.667800 0.000000 0.334200 0.334200
-14.193000 0.663800 0.000000 0.332000 0.331800
-14.183000 0.659800 0.000000 0.329800 0.329800
-14.173000 0.655600 0.000000 0.327800 0.327600
-14.163000 0.651000 0.000000 0.325400 0.325600
-14.153000 0.647000 0.000000 0.323400 0.323800
-14.143000 0.642400 0.000000 0.321200 0.321200
-14.133000 0.638400 0.000000 0.319000 0.319200
-14.123000 0.633600 0.000000 0.316800 0.317000
-14.113000 0.629600 0.000000 0.314600 0.314400
-14.103000 0.625000 0.000000 0.312600 0.312600
-14.093000 0.619600 0.000000 0.309600 0.309600
-14.083000 0.613200 0.000000 0.306400 0.306400
-14.073000 0.606400 0.000000 0.303000 0.303400
-14.063000 0.600200 0.000000 0.300200 0.299800
-14.053000 0.593200 0.000000 0.297000 0.297000
-14.043000 0.587000 0.000000 0.293600 0.293400
-14.033000 0.568600 0.000000 0.284400 0.284600
-14.023000 0.566200 0.000000 0.283200 0.283200
-14.013000 0.563800 0.000000 0.282200 0.282200
-14.003000 0.561400 0.000000 0.280800 0.280800
-13.993000 0.559000 0.000000 0.279400 0.279600
-13.983000 0.556600 0.000000 0.278400 0.278200
-13.973000 0.554200 0.000000 0.277000 0.277200
-13.963000 0.551200 0.000000 0.275800 0.275800
-13.953000 0.548800 0.000000 0.274200 0.274600
-13.943000 0.546400 0.000000 0.273400 0.273200
-13.933000 0.543400 0.000000 0.271800 0.272000
-13.923000 0.541000 0.000000 0.270400 0.270400
-13.913000 0.537800 0.000000 0.269000 0.269000
-13.903000 0.534000 0.000000 0.267200 0.267200
-13.893000 0.530800 0.000000 0.265600 0.265400
-13.883000 0.527000 0.000000 0.263400 0.263400
-13.873000 0.523200 0.000000 0.261400 0.261600
-13.863000 0.520000 0.000000 0.260000 0.259800
-13.853000 0.516000 0.000000 0.258000 0.258000
-13.843000 0.512200 0.000000 0.256000 0.256200
-13.833000 0.508400 0.000000 0.254000 0.254400
-13.823000 0.504600 0.000000 0.252600 0.252600
-13.813000 0.496800 0.000000 0.248000 0.248200
-13.803000 0.488200 0.000000 0.244200 0.244200
-13.793000 0.479800 0.000000 0.239800 0.240000
-13.783000 0.472200 0.000000 0.236400 0.236400
-13.773000 0.470600 0.000000 0.235600 0.235400
-13.763000 0.469000 0.000000 0.234400 0.234600
-13.753000 0.467200 0.000000 0.233600 0.233400
-13.743000 0.465000 0.000000 0.232600 0.232200
-13.733000 0.462600 0.000000 0.231200 0.231400
-13.723000 0.460400 0.000000 0.230000 0.230400
-13.713000 0.458000 0.000000 0.229200 0.229000
-13.703000 0.455800 0.000000 0.227800 0.227800
-13.693000 0.453400 0.000000 0.227000 0.227000
-13.683000 0.451000 0.000000 0.225800 0.225600
-13.673000 0.448800 0.000000 0.224200 0.224400
-13.663000 0.446400 0.000000 0.223400 0.223400
-13.653000 0.444200 0.000000 0.222200 0.222000
-13.643000 0.441800 0.000000 0.220800 0.220800
-13.633000 0.439400 0.000000 0.220000 0.219800
-13.623000 0.437200 0.000000 0.218800 0.218600
-13.613000 0.434800 0.000000 0.217200 0.217200
-13.603000 0.430200 0.000000 0.215400 0.215400
-13.593000 0.426200 0.000000 0.213400 0.213000
-13.583000 0.422400 0.000000 0.210800 0.210800
-13.573000 0.417800 0.000000 0.209000 0.209000
-13.563000 0.413800 0.000000 0.207000 0.207000
-13.553000 0.410000 0.000000 0.204800 0.205000
-13.543000 0.405400 0.000000 0.202800 0.203000
-13.533000 0.389200 0.000000 0.194800 0.194400
-13.523000 0.387600 0.000000 0.193600 0.193600
-13.513000 0.386000 0.000000 0.192800 0.192800
-13.503000 0.383800 0.000000 0.192000 0.192000
-13.493000 0.382200 0.000000 0.191200 0.191000
-13.483000 0.380600 0.000000 0.190400 0.190200
-13.473000 0.379000 0.000000 0.189600 0.189400
-13.463000 0.377400 0.000000 0.188600 0.188400
-13.453000 0.375800 0.000000 0.187800 0.187600
-13.443000 0.373600 0.000000 0.187000 0.187000
-13.433000 0.372000 0.000000 0.186200 0.186200
-13.423000 0.369800 0.000000 0.185000 0.184800
-13.413000 0.367400 0.000000 0.183600 0.183600
-13.403000 0.365000 0.000000 0.182400 0.182600
-13.393000 0.362800 0.000000 0.181200 0.181200
-13.383000 0.360400 0.000000 0.180200 0.180000
-13.373000 0.358000 0.000000 0.179000 0.179000
-13.363000 0.355000 0.000000 0.177800 0.177600
-13.353000 0.352800 0.000000 0.176400 0.176400
-13.343000 0.350400 0.000000 0.175000 0.175400
-13.333000 0.348000 0.000000 0.173800 0.174000
-13.323000 0.345600 0.000000 0.172800 0.172600
-13.313000 0.343400 0.000000 0.171600 0.171600
-13.303000 0.340400 0.000000 0.170200 0.170000
-13.293000 0.336400 0.000000 0.168400 0.168000
-13.283000 0.330200 0.000000 0.165400 0.165200
-13.273000 0.324000 0.000000 0.162000 0.162000
-13.263000 0.317800 0.000000 0.159000 0.159000
-13.253000 0.312200 0.000000 0.155800 0.156000
-13.243000 0.307000 0.000000 0.153220 0.153600
-13.233000 0.305400 0.000000 0.152460 0.152600
-13.223000 0.303800 0.000000 0.151720 0.151800
-13.213000 0.301600 0.000000 0.150960 0.151000
-13.203000 0.300000 0.000000 0.149800 0.150000
-13.193000 0.298400 0.000000 0.149060 0.149200
-13.183000 0.296800 0.000000 0.148300 0.148200
-13.173000 0.295200 0.000000 0.147540 0.147400
-13.163000 0.293000 0.000000 0.146400 0.146400
-13.153000 0.291400 0.000000 0.145840 0.145800
-13.143000 0.289800 0.000000 0.145100 0.144800
-13.133000 0.288200 0.000000 0.143940 0.144000
-13.123000 0.286000 0.000000 0.143200 0.143200
-13.113000 0.284400 0.000000 0.142440 0.142200
-13.103000 0.282800 0.000000 0.141300 0.141400
-13.093000 0.280600 0.000000 0.140320 0.140200
-13.083000 0.277400 0.000000 0.139100 0.139000
-13.073000 0.275000 0.000000 0.137280 0.137200
-13.063000 0.272000 0.000000 0.135880 0.136000
-13.053000 0.269600 0.000000 0.134660 0.134800
-13.043000 0.266400 0.000000 0.133240 0.133200
-13.033000 0.263400 0.000000 0.132040 0.132000
-13.023000 0.261000 0.000000 0.130220 0.130200
-13.013000 0.258000 0.000000 0.128820 0.129000
-13.003000 0.254800 0.000000 0.127600 0.127400
-12.993000 0.251800 0.000000 0.126200 0.126000
-12.983000 0.249400 0.000000 0.124380 0.124400
-12.973000 0.246200 0.000000 0.123180 0.123200
-12.963000 0.230800 0.000000 0.115640 0.115600
-12.953000 0.229200 0.000000 0.114500 0.114800
-12.943000 0.227600 0.000000 0.113760 0.113800
-12.933000 0.235400 0.000000 0.117660 0.117800
-12.923000 0.666800 0.000000 0.333200 0.333200
-12.913000 1.099000 0.000000 0.549400 0.549600
-12.903000 1.536000 0.000000 0.768400 0.768200
-12.893000 0.980400 0.000000 0.491200 0.491200
-12.883000 1.017600 0.000000 0.509600 0.509600
-12.873000 1.054800 0.000000 0.526400 0.526400
-12.863000 1.090600 0.000000 0.545200 0.545200
-12.853000 1.128400 0.000000 0.564000 0.563800
-12.843000 1.163600 0.000000 0.580600 0.581000
-12.833000 1.198800 0.000000 0.599600 0.599200
-12.823000 1.173600 0.000000 0.588000 0.587600
-12.813000 1.131800 0.000000 0.564800 0.565000
-12.803000 1.124000 0.000000 0.562200 0.562200
-12.793000 1.138000 0.000000 0.569000 0.569000
-12.783000 1.152600 0.000000 0.576200 0.576200
-12.773000 1.166600 0.000000 0.583400 0.583200
-12.763000 1.182600 0.000000 0.590200 0.590400
-12.753000 1.197200 0.000000 0.597400 0.597400
-12.743000 1.213200 0.000000 0.606800 0.606400
-12.733000 1.232400 0.000000 0.616000 0.616200
-12.723000 1.251000 0.000000 0.625800 0.625600
-12.713000 1.270200 0.000000 0.635200 0.635200
-12.703000 1.290000 0.000000 0.644800 0.645000
-12.693000 1.270800 0.000000 0.635600 0.635200
-12.683000 1.274000 0.000000 0.638000 0.638000
-12.673000 1.277200 0.000000 0.638600 0.638600
-12.663000 1.283600 0.000000 0.641800 0.641800
-12.653000 1.293800 0.000000 0.647600 0.647600
-12.643000 1.307800 0.000000 0.654600 0.654600
-12.633000 1.328800 0.000000 0.665200 0.665200
-12.623000 1.349800 0.000000 0.675600 0.675600
-12.613000 1.372800 0.000000 0.686600 0.686200
-12.603000 1.393800 0.000000 0.697000 0.696800
-12.593000 1.411600 0.000000 0.704600 0.705000
-12.583000 1.430000 0.000000 0.714800 0.714600
-12.573000 1.446000 0.000000 0.722400 0.722800
-12.563000 1.468000 0.000000 0.732600 0.732600
-12.553000 1.484000 0.000000 0.740600 0.740800
-12.543000 1.528000 0.000000 0.764200 0.764000
-12.533000 1.568000 0.000000 0.783800 0.783600
-12.523000 1.596000 0.000000 0.797600 0.797600
-12.513000 1.626000 0.000000 0.811600 0.811800
-12.503000 1.688000 0.000000 0.843000 0.843000
-12.493000 1.718000 0.000000 0.859800 0.859600
-12.483000 1.748000 0.000000 0.876600 0.876400
-12.473000 1.786000 0.000000 0.891400 0.891400
-12.463000 1.816000 0.000000 0.908000 0.908000
-12.453000 1.846000 0.000000 0.924800 0.925000
-12.443000 1.882000 0.000000 0.940000 0.940000
-12.433000 1.910000 0.000000 0.953800 0.953600
-12.423000 1.938000 0.000000 0.967800 0.967800
-12.413000 1.966000 0.000000 0.981600 0.982000
-12.403000 2.350000 0.000000 1.175200 1.176400
-12.393000 2.628000 0.000000 1.315200 1.315800
-12.383000 2.874000 0.000000 1.436000 1.436400
-12.373000 3.056000 0.000000 1.528400 1.528400
-12.363000 3.236000 0.000000 1.618800 1.620600
-12.353000 3.404000 0.000000 1.704000 1.704400
-12.343000 3.108000 0.000000 1.553200 1.554000
-12.333000 2.656000 0.000000 1.328400 1.327800
-12.323000 2.450000 0.000000 1.226400 1.226000
-12.313000 2.268000 0.000000 1.132800 1.132800
-12.303000 2.176000 0.000000 1.088600 1.088600
-12.293000 2.076000 0.000000 1.037000 1.037200
-12.283000 1.968000 0.000000 0.984600 0.984600
-12.273000 1.942000 0.000000 0.969200 0.969000
-12.263000 1.894000 0.000000 0.947000 0.947000
-12.253000 1.846000 0.000000 0.925400 0.925000
-12.243000 1.804000 0.000000 0.901200 0.901000
-12.233000 1.762000 0.000000 0.882000 0.882000
-12.223000 1.726000 0.000000 0.863800 0.863400
-12.213000 1.660000 0.000000 0.830400 0.830200
-12.203000 1.590000 0.000000 0.796800 0.796600
-12.193000 1.526000 0.000000 0.760600 0.760600
-12.183000 1.456000 0.000000 0.726400 0.726600
-12.173000 1.490000 0.000000 0.743200 0.743000
-12.163000 1.632000 0.000000 0.817600 0.817400
-12.153000 1.560000 0.000000 0.780400 0.780800
-12.143000 1.488000 0.000000 0.745200 0.745400
-12.133000 1.416000 0.000000 0.707800 0.707600
-12.123000 1.344000 0.000000 0.671600 0.671400
-12.113000 1.268600 0.000000 0.633400 0.633200
-12.103000 1.312000 0.000000 0.653600 0.653400
-12.093000 1.500000 0.000000 0.749600 0.749800
-12.083000 1.406000 0.000000 0.702400 0.702400
-12.073000 1.312000 0.000000 0.655800 0.656000
-12.063000 1.216000 0.000000 0.609200 0.609200
-12.053000 1.137800 0.000000 0.570000 0.569800
-12.043000 1.476000 0.000000 0.739600 0.739600
-12.033000 1.296000 0.000000 0.650000 0.650200
-12.023000 1.119200 0.000000 0.559600 0.559600
-12.013000 1.710000 0.000000 0.855200 0.855200
-12.003000 0.164800 0.000000 0.082380 0.082360
-11.993000 0.002730 0.000000 0.001366 0.001366
-11.983000 0.005806 0.000000 0.002902 0.002900
-11.973000 0.008866 0.000000 0.004444 0.004442
-11.963000 0.011960 0.000000 0.005972 0.005974
-11.953000 0.015000 0.000000 0.007504 0.007504
-11.943000 0.018060 0.000000 0.009038 0.009038
-11.933000 0.021140 0.000000 0.010588 0.010576
-11.923000 0.024180 0.000000 0.012100 0.012100
-11.913000 0.027300 0.000000 0.013620 0.013640
-11.903000 0.030380 0.000000 0.015160 0.015180
-11.893000 0.033420 0.000000 0.016700 0.016720
-11.883000 0.036460 0.000000 0.018260 0.018220
-11.873000 0.039540 0.000000 0.019760 0.019760
-11.863000 0.042620 0.000000 0.021300 0.021320
-11.853000 0.045680 0.000000 0.022840 0.022840
-11.843000 0.048740 0.000000 0.024360 0.024400
-11.833000 0.051820 0.000000 0.025920 0.025900
-11.823000 0.054840 0.000000 0.027460 0.027460
-11.813000 0.057980 0.000000 0.029000 0.028980
-11.803000 0.061060 0.000000 0.030520 0.030520
-11.793000 0.064060 0.000000 0.032020 0.032020
-11.783000 0.067260 0.000000 0.033580 0.033600
-11.773000 0.070320 0.000000 0.035120 0.035120
-11.763000 0.073240 0.000000 0.036660 0.036660
-11.753000 0.076360 0.000000 0.038200 0.038200
-11.743000 0.079540 0.000000 0.039720 0.039740
-11.733000 0.082580 0.000000 0.041260 0.041260
-11.723000 0.085620 0.000000 0.042780 0.042800
-11.713000 0.088600 0.000000 0.044340 0.044300
-11.703000 0.091800 0.000000 0.045860 0.045840
-11.693000 0.121000 0.000000 0.060600 0.060640
-11.683000 0.123600 0.000000 0.061900 0.061820
-11.673000 0.126200 0.000000 0.063200 0.063200
-11.663000 0.128800 0.000000 0.064500 0.064580
-11.653000 0.131800 0.000000 0.065680 0.065720
-11.643000 0.134400 0.000000 0.066940 0.067100
-11.633000 0.137000 0.000000 0.068600 0.068480
-11.623000 0.139600 0.000000 0.069880 0.069680
-11.613000 0.142200 0.000000 0.071160 0.071040
-11.603000 0.144800 0.000000 0.072420 0.072440
-11.593000 0.147200 0.000000 0.073700 0.073800
-11.583000 0.149800 0.000000 0.074960 0.075000
-11.573000 0.152400 0.000000 0.076240 0.076360
-11.563000 0.155000 0.000000 0.077700 0.077560
-11.553000 0.158200 0.000000 0.078980 0.078920
-11.543000 0.160800 0.000000 0.080240 0.080320
-11.533000 0.163200 0.000000 0.081500 0.081480
-11.523000 0.165800 0.000000 0.082780 0.082880
-11.513000 0.168400 0.000000 0.084040 0.084240
-11.503000 0.171000 0.000000 0.085700 0.085600
-11.493000 0.173600 0.000000 0.086960 0.087000
-11.483000 0.176000 0.000000 0.088220 0.088160
-11.473000 0.179200 0.000000 0.089480 0.089520
-11.463000 0.181800 0.000000 0.090720 0.090880
-11.453000 0.185200 0.000000 0.092420 0.092600
-11.443000 0.193000 0.000000 0.096680 0.096640
-11.433000 0.201400 0.000000 0.100540 0.100640
-11.423000 0.209200 0.000000 0.104800 0.104640
-11.413000 0.217600 0.000000 0.108660 0.108840
-11.403000 0.225400 0.000000 0.112920 0.112840
-11.393000 0.233800 0.000000 0.116760 0.116840
-11.383000 0.241800 0.000000 0.120620 0.120800
-11.373000 0.248600 0.000000 0.124200 0.124160
-11.363000 0.253000 0.000000 0.126320 0.126400
-11.353000 0.257400 0.000000 0.128640 0.128640
-11.343000 0.261800 0.000000 0.131140 0.131000
-11.333000 0.266200 0.000000 0.133260 0.133200
-11.323000 0.271200 0.000000 0.135580 0.135600
-11.313000 0.275800 0.000000 0.137680 0.137600
-11.303000 0.280200 0.000000 0.139980 0.140000
-11.293000 0.284600 0.000000 0.142500 0.142200
-11.283000 0.289000 0.000000 0.144600 0.144600
-11.273000 0.293400 0.000000 0.146900 0.147000
-11.263000 0.298000 0.000000 0.149020 0.149000
-11.253000 0.302400 0.000000 0.151320 0.151400
-11.243000 0.307400 0.000000 0.153420 0.153400
-11.233000 0.311800 0.000000 0.155920 0.156000
-11.223000 0.316400 0.000000 0.157820 0.158000
-11.213000 0.320800 0.000000 0.160320 0.160400
-11.203000 0.325200 0.000000 0.162820 0.162600
-11.193000 0.329800 0.000000 0.164720 0.164800
-11.183000 0.352400 0.000000 0.176220 0.176200
-11.173000 0.366200 0.000000 0.183020 0.183000
-11.163000 0.379400 0.000000 0.189600 0.189800
-11.153000 0.392600 0.000000 0.196600 0.196600
-11.143000 0.405800 0.000000 0.203000 0.202800
-11.133000 0.419800 0.000000 0.209600 0.209800
-11.123000 0.433000 0.000000 0.216420 0.216400
-11.113000 0.446200 0.000000 0.223040 0.223000
-11.103000 0.459400 0.000000 0.229660 0.229800
-11.093000 0.472800 0.000000 0.236100 0.236000
-11.083000 0.485400 0.000000 0.242740 0.242800
-11.073000 0.498800 0.000000 0.249400 0.249400
-11.063000 0.512000 0.000000 0.255860 0.256000
-11.053000 0.525200 0.000000 0.262540 0.262600
-11.043000 0.538000 0.000000 0.269220 0.269200
-11.033000 0.551200 0.000000 0.275320 0.275200
-11.023000 0.563800 0.000000 0.282020 0.281800
-11.013000 0.826400 0.000000 0.413200 0.413200
-11.003000 1.240000 0.000000 0.619800 0.619000
-10.993000 1.452000 0.000000 0.727400 0.728800
-10.983000 1.672000 0.000000 0.837000 0.838000
-10.973000 1.860000 0.000000 0.932000 0.931200
-10.963000 2.240000 0.000000 1.119000 1.118000
-10.953000 2.508000 0.000000 1.256200 1.256000
-10.943000 2.794000 0.000000 1.398600 1.396000
-10.933000 3.202000 0.000000 1.598000 1.602000
-10.923000 3.516000 0.000000 1.760000 1.756000
-10.913000 3.188000 0.000000 1.594000 1.596000
-10.903000 2.962000 0.000000 1.479600 1.480000
-10.893000 2.804000 0.000000 1.401200 1.404000
-10.883000 2.646000 0.000000 1.321400 1.324000
-10.873000 2.492000 0.000000 1.244000 1.244000
-10.863000 2.298000 0.000000 1.150000 1.148000
-10.853000 1.796000 0.000000 0.895200 0.896000
-10.843000 1.546000 0.000000 0.773800 0.772000
-10.833000 1.538000 0.000000 0.768800 0.767600
-10.823000 1.524000 0.000000 0.761800 0.761200
-10.813000 1.516000 0.000000 0.757000 0.758800
-10.803000 1.508000 0.000000 0.750000 0.752800
-10.793000 1.494000 0.000000 0.749000 0.748400
-10.783000 1.486000 0.000000 0.742000 0.742000
-10.773000 1.476000 0.000000 0.737200 0.738000
-10.763000 1.462000 0.000000 0.730200 0.731600
-10.753000 1.438000 0.000000 0.716800 0.719200
-10.743000 1.428000 0.000000 0.715800 0.714400
-10.733000 1.414000 0.000000 0.708800 0.708000
-10.723000 1.404000 0.000000 0.700600 0.701200
-10.713000 1.390000 0.000000 0.694000 0.694800
-10.703000 1.374000 0.000000 0.689000 0.690000
-10.693000 1.366000 0.000000 0.682400 0.681600
-10.683000 1.350000 0.000000 0.675800 0.674800
-10.673000 1.282000 0.000000 0.640200 0.640800
-10.663000 1.238000 0.000000 0.618600 0.618000
-10.653000 1.178000 0.000000 0.589000 0.588600
-10.643000 1.092000 0.000000 0.547000 0.547000
-10.633000 1.066000 0.000000 0.534600 0.534600
-10.623000 1.056000 0.000000 0.528400 0.528200
-10.613000 1.042000 0.000000 0.521800 0.522200
-10.603000 1.032000 0.000000 0.515600 0.515400
-10.593000 1.016000 0.000000 0.509200 0.509000
-10.583000 1.006000 0.000000 0.503000 0.502800
-10.573000 0.992000 0.000000 0.496600 0.496400
-10.563000 0.982000 0.000000 0.489800 0.489800
-10.553000 0.966000 0.000000 0.483600 0.483400
-10.543000 0.956000 0.000000 0.477200 0.477000
-10.533000 0.948000 0.000000 0.472400 0.472400
-10.523000 0.940000 0.000000 0.470000 0.470400
-10.513000 0.934000 0.000000 0.467800 0.468200
-10.503000 0.932000 0.000000 0.466000 0.466000
-10.493000 0.926000 0.000000 0.463600 0.463600
-10.483000 0.924000 0.000000 0.461600 0.461400
-10.473000 0.918000 0.000000 0.458800 0.459000
-10.463000 0.910000 0.000000 0.456600 0.456600
-10.453000 0.910000 0.000000 0.454400 0.454200
-10.443000 0.902000 0.000000 0.452200 0.452200
-10.433000 0.900200 0.000000 0.449600 0.449800
-10.423000 0.894600 0.000000 0.447400 0.447200
-10.413000 0.891000 0.000000 0.445200 0.445000
-10.403000 0.885400 0.000000 0.442600 0.442600
-10.393000 0.801600 0.000000 0.400400 0.400400
-10.383000 0.804800 0.000000 0.402000 0.402000
-10.373000 0.806600 0.000000 0.403600 0.403400
-10.363000 0.798600 0.000000 0.399200 0.399200
-10.353000 0.782600 0.000000 0.391000 0.390800
-10.343000 0.770800 0.000000 0.385200 0.385200
-10.333000 0.759000 0.000000 0.380000 0.380000
-10.323000 0.749800 0.000000 0.374400 0.374200
-10.313000 0.738000 0.000000 0.369200 0.368800
-10.303000 0.726200 0.000000 0.363400 0.363400
-10.293000 0.717000 0.000000 0.358200 0.358000
-10.283000 0.705200 0.000000 0.352600 0.352600
-10.273000 0.693400 0.000000 0.346800 0.347000
-10.263000 0.682200 0.000000 0.341600 0.341400
-10.253000 0.672400 0.000000 0.336000 0.336000
-10.243000 0.660600 0.000000 0.330200 0.330400
-10.233000 0.649400 0.000000 0.324600 0.324800
-10.223000 0.637600 0.000000 0.319400 0.319000
-10.213000 0.627800 0.000000 0.313600 0.313800
-10.203000 0.616600 0.000000 0.308000 0.308200
-10.193000 0.604800 0.000000 0.302400 0.302400
-10.183000 0.593600 0.000000 0.296800 0.296800
-10.173000 0.581800 0.000000 0.291200 0.291400
-10.163000 0.578200 0.000000 0.288800 0.288600
-10.153000 0.579400 0.000000 0.290400 0.290200
-10.143000 0.583200 0.000000 0.291800 0.291800
-10.133000 0.587000 0.000000 0.293400 0.293200
-10.123000 0.590800 0.000000 0.294800 0.294800
-10.113000 0.592600 0.000000 0.296400 0.296600
-10.103000 0.595800 0.000000 0.297600 0.297800
-10.093000 0.599600 0.000000 0.299600 0.299600
-10.083000 0.601400 0.000000 0.301000 0.300800
-10.073000 0.605200 0.000000 0.302400 0.302400
-10.063000 0.607000 0.000000 0.303800 0.304000
-10.053000 0.610800 0.000000 0.305400 0.305400
-10.043000 0.485000 0.000000 0.242420 0.242600
-10.033000 0.499200 0.000000 0.249640 0.249400
-10.023000 0.512800 0.000000 0.256560 0.256800
-10.013000 0.509400 0.000000 0.254980 0.255200
-10.003000 0.500400 0.000000 0.249960 0.250000
-9.993000 0.490800 0.000000 0.245360 0.245200
-9.983000 0.481000 0.000000 0.240560 0.240800
-9.973000 0.472000 0.000000 0.235980 0.236000
-9.963000 0.462200 0.000000 0.231000 0.231200
-9.953000 0.452400 0.000000 0.226440 0.226400
-9.943000 0.443200 0.000000 0.221500 0.221600
-9.933000 0.433400 0.000000 0.216560 0.216800
-9.923000 0.423600 0.000000 0.211640 0.212000
-9.913000 0.413800 0.000000 0.207140 0.207200
-9.903000 0.404400 0.000000 0.202240 0.202400
-9.893000 0.421600 0.000000 0.210640 0.210800
-9.883000 1.496000 0.000000 0.748000 0.747600
-9.873000 2.574000 0.000000 1.288000 1.286000
-9.863000 3.664000 0.000000 1.828000 1.828000
-9.853000 5.180000 0.000000 2.588000 2.588000
-9.843000 5.616000 0.000000 2.806000 2.808000
-9.833000 4.064000 0.000000 2.034000 2.032000
-9.823000 2.868000 0.000000 1.434000 1.434000
-9.813000 2.698000 0.000000 1.348000 1.350000
-9.803000 2.564000 0.000000 1.284000 1.284000
-9.793000 2.452000 0.000000 1.223600 1.224000
-9.783000 2.778000 0.000000 1.390000 1.388000
-9.773000 2.294000 0.000000 1.145800 1.148000
-9.763000 1.806000 0.000000 0.904200 0.903600
-9.753000 1.840000 0.000000 0.918800 0.919600
-9.743000 2.048000 0.000000 1.025800 1.024000
-9.733000 2.256000 0.000000 1.128600 1.130000
-9.723000 2.068000 0.000000 1.036200 1.034400
-9.713000 2.086000 0.000000 1.043800 1.044000
-9.703000 2.376000 0.000000 1.184800 1.186000
-9.693000 1.870000 0.000000 0.934000 0.933600
-9.683000 1.786000 0.000000 0.893200 0.891200
-9.673000 1.754000 0.000000 0.879000 0.879200
-9.663000 1.722000 0.000000 0.862800 0.863200
-9.653000 1.690000 0.000000 0.846400 0.846800
-9.643000 1.628000 0.000000 0.812000 0.812800
-9.633000 1.598000 0.000000 0.802200 0.800400
-9.623000 1.576000 0.000000 0.786400 0.786000
-9.613000 1.568000 0.000000 0.784000 0.783200
-9.603000 1.584000 0.000000 0.790600 0.791200
-9.593000 1.594000 0.000000 0.797000 0.797200
-9.583000 1.610000 0.000000 0.805200 0.804800
-9.573000 1.620000 0.000000 0.811600 0.810800
-9.563000 1.630000 0.000000 0.818000 0.816400
-9.553000 1.648000 0.000000 0.824200 0.824000
-9.543000 1.658000 0.000000 0.830400 0.829600
-9.533000 1.674000 0.000000 0.836600 0.835200
-9.523000 1.684000 0.000000 0.842800 0.842800
-9.513000 1.696000 0.000000 0.849000 0.848400
-9.503000 1.656000 0.000000 0.828200 0.829600
-9.493000 1.656000 0.000000 0.825400 0.826400
-9.483000 1.654000 0.000000 0.828600 0.827600
-9.473000 1.654000 0.000000 0.827800 0.826400
-9.463000 1.648000 0.000000 0.826800 0.825200
-9.453000 1.648000 0.000000 0.826000 0.824400
-9.443000 1.936000 0.000000 0.965600 0.966400
-9.433000 1.842000 0.000000 0.920600 0.920400
-9.423000 1.796000 0.000000 0.895800 0.897600
-9.413000 1.766000 0.000000 0.882800 0.883200
-9.403000 1.740000 0.000000 0.872000 0.870800
-9.393000 1.734000 0.000000 0.865000 0.866400
-9.383000 1.802000 0.000000 0.902600 0.902000
-9.373000 1.878000 0.000000 0.938000 0.939200
-9.363000 1.952000 0.000000 0.977200 0.976000
-9.353000 2.028000 0.000000 1.014000 1.012800
-9.343000 2.104000 0.000000 1.048800 1.049200
-9.333000 2.174000 0.000000 1.087200 1.087200
-9.323000 2.248000 0.000000 1.125200 1.122800
-9.313000 2.280000 0.000000 1.143000 1.142000
-9.303000 2.348000 0.000000 1.174000 1.174000
-9.293000 2.418000 0.000000 1.211200 1.210000
-9.283000 2.488000 0.000000 1.244000 1.244000
-9.273000 1.984000 0.000000 0.993400 0.992400
-9.263000 1.968000 0.000000 0.983200 0.982000
-9.253000 1.950000 0.000000 0.975200 0.974000
-9.243000 1.934000 0.000000 0.967400 0.968400
-9.233000 1.924000 0.000000 0.959600 0.961200
-9.223000 1.908000 0.000000 0.956000 0.954000
-9.213000 1.898000 0.000000 0.948400 0.946800
-9.203000 1.882000 0.000000 0.941000 0.942000
-9.193000 1.874000 0.000000 0.939600 0.937600
-9.183000 1.866000 0.000000 0.932400 0.933600
-9.173000 1.858000 0.000000 0.931400 0.931600
-9.163000 1.856000 0.000000 0.928200 0.926000
-9.153000 1.848000 0.000000 0.923200 0.924000
-9.143000 1.840000 0.000000 0.920200 0.920400
-9.133000 1.832000 0.000000 0.919200 0.918400
-9.123000 1.832000 0.000000 0.916600 0.915600
-9.113000 1.822000 0.000000 0.909400 0.908800
-9.103000 1.804000 0.000000 0.902200 0.902000
-9.093000 1.778000 0.000000 0.888600 0.889600
-9.083000 1.748000 0.000000 0.872600 0.872400
-9.073000 1.732000 0.000000 0.865200 0.865200
-9.063000 1.732000 0.000000 0.864200 0.863600
-9.053000 1.724000 0.000000 0.863000 0.862000
-9.043000 1.724000 0.000000 0.860000 0.860400
-9.033000 1.718000 0.000000 0.859000 0.858800
-9.023000 1.716000 0.000000 0.858000 0.857600
-9.013000 1.710000 0.000000 0.857000 0.856000
-9.003000 1.708000 0.000000 0.852000 0.854800
-8.993000 1.702000 0.000000 0.851200 0.853600
-8.983000 1.702000 0.000000 0.850400 0.852400
-8.973000 1.702000 0.000000 0.847600 0.849600
-8.963000 1.702000 0.000000 0.847000 0.848400
-8.953000 1.694000 0.000000 0.846200 0.847600
-8.943000 1.694000 0.000000 0.845400 0.846800
-8.933000 1.636000 0.000000 0.818000 0.818800
-8.923000 1.640000 0.000000 0.821400 0.820800
-8.913000 1.648000 0.000000 0.822800 0.824800
-8.903000 1.658000 0.000000 0.828200 0.829200
-8.893000 1.668000 0.000000 0.833800 0.834000
-8.883000 1.678000 0.000000 0.839400 0.840800
-8.873000 1.694000 0.000000 0.845200 0.845600
-8.863000 1.706000 0.000000 0.850800 0.852800
-8.853000 1.724000 0.000000 0.862800 0.862800
-8.843000 1.750000 0.000000 0.874600 0.873200
-8.833000 1.734000 0.000000 0.867800 0.866800
-8.823000 1.716000 0.000000 0.858800 0.858000
-8.813000 1.698000 0.000000 0.851800 0.851200
-8.803000 1.686000 0.000000 0.840800 0.842400
-8.793000 1.668000 0.000000 0.831800 0.833600
-8.783000 1.650000 0.000000 0.825000 0.824800
-8.773000 1.632000 0.000000 0.816000 0.816000
-8.763000 1.616000 0.000000 0.809200 0.809200
-8.753000 1.598000 0.000000 0.800200 0.798400
-8.743000 1.598000 0.000000 0.799400 0.797600
-8.733000 1.596000 0.000000 0.798800 0.796400
-8.723000 1.596000 0.000000 0.798000 0.797600
-8.713000 1.590000 0.000000 0.797400 0.796800
-8.703000 1.590000 0.000000 0.796800 0.795600
-8.693000 1.590000 0.000000 0.796000 0.794800
-8.683000 1.588000 0.000000 0.795600 0.794000
-8.673000 1.582000 0.000000 0.795000 0.793200
-8.663000 1.582000 0.000000 0.792400 0.790800
-8.653000 1.700000 0.000000 0.851600 0.850400
-8.643000 1.880000 0.000000 0.940600 0.941200
-8.633000 1.784000 0.000000 0.892800 0.890400
-8.623000 1.682000 0.000000 0.841400 0.840000
-8.613000 1.580000 0.000000 0.789800 0.789600
-8.603000 1.478000 0.000000 0.738600 0.739600
-8.593000 1.376000 0.000000 0.687200 0.687600
-8.583000 1.328000 0.000000 0.663600 0.664400
-8.573000 1.234000 0.000000 0.616400 0.615600
-8.563000 1.140000 0.000000 0.569600 0.570400
-8.553000 1.040000 0.000000 0.521200 0.521200
-8.543000 1.058000 0.000000 0.529200 0.528400
-8.533000 1.076000 0.000000 0.537200 0.536800
-8.523000 1.088000 0.000000 0.544400 0.544600
-8.513000 1.104000 0.000000 0.551200 0.550400
-8.503000 1.116000 0.000000 0.558200 0.558200
-8.493000 1.132000 0.000000 0.564600 0.563600
-8.483000 1.144000 0.000000 0.571200 0.571200
-8.473000 1.154000 0.000000 0.579400 0.580400
-8.463000 1.172000 0.000000 0.585800 0.585200
-8.453000 1.184000 0.000000 0.592400 0.592400
-8.443000 1.200000 0.000000 0.600800 0.601600
-8.433000 1.212000 0.000000 0.607200 0.606800
-8.423000 1.230000 0.000000 0.613800 0.614000
-8.413000 1.240000 0.000000 0.622200 0.623200
-8.403000 1.258000 0.000000 0.628600 0.628400
-8.393000 1.270000 0.000000 0.635400 0.635600
-8.383000 1.286000 0.000000 0.643800 0.644400
-8.373000 1.400000 0.000000 0.699400 0.701600
-8.363000 1.560000 0.000000 0.782800 0.781600
-8.353000 1.682000 0.000000 0.839400 0.839200
-8.343000 1.814000 0.000000 0.904200 0.906000
-8.333000 1.882000 0.000000 0.942000 0.941200
-8.323000 1.956000 0.000000 0.979400 0.978000
-8.313000 2.024000 0.000000 1.011000 1.012800
-8.303000 2.094000 0.000000 1.048400 1.048000
-8.293000 2.158000 0.000000 1.079600 1.079600
-8.283000 2.188000 0.000000 1.097000 1.096400
-8.273000 2.224000 0.000000 1.114400 1.113600
-8.263000 2.260000 0.000000 1.132200 1.130800
-8.253000 1.672000 0.000000 0.836780 0.835200
-8.243000 1.674000 0.000000 0.836240 0.837200
-8.233000 1.676000 0.000000 0.839740 0.839200
-8.223000 1.684000 0.000000 0.841280 0.841200
-8.213000 1.684000 0.000000 0.844860 0.843200
-8.203000 1.692000 0.000000 0.844480 0.845200
-8.193000 1.674000 0.000000 0.837980 0.837200
-8.183000 1.656000 0.000000 0.829520 0.828800
-8.173000 1.644000 0.000000 0.823100 0.820800
-8.163000 1.634000 0.000000 0.816760 0.815200
-8.153000 1.636000 0.000000 0.816600 0.818000
-8.143000 1.680000 0.000000 0.840860 0.838800
-8.133000 1.652000 0.000000 0.828160 0.827200
-8.123000 1.632000 0.000000 0.815480 0.816000
-8.113000 1.606000 0.000000 0.800820 0.802800
-8.103000 1.580000 0.000000 0.792200 0.789600
-8.093000 1.558000 0.000000 0.779580 0.778400
-8.083000 1.532000 0.000000 0.767000 0.767200
-8.073000 1.512000 0.000000 0.754460 0.754000
-8.063000 1.484000 0.000000 0.741920 0.742800
-8.053000 1.428000 0.000000 0.713220 0.711600
-8.043000 1.430000 0.000000 0.714780 0.716000
-8.033000 1.438000 0.000000 0.718380 0.718000
-8.023000 1.440000 0.000000 0.720000 0.720400
-8.013000 1.474000 0.000000 0.737100 0.736000
-8.003000 1.656000 0.000000 0.827000 0.828000
-7.993000 1.762000 0.000000 0.884600 0.883200
-7.983000 1.758000 0.000000 0.878000 0.879200
-7.973000 1.754000 0.000000 0.879600 0.876800
-7.963000 1.762000 0.000000 0.879200 0.879200
-7.953000 1.804000 0.000000 0.901200 0.900800
-7.943000 1.844000 0.000000 0.921400 0.922400
-7.933000 1.890000 0.000000 0.941800 0.943600
-7.923000 1.932000 0.000000 0.966460 0.966800
-7.913000 0.000000 0.000000 0.000000 0.000000
-7.903000 0.000000 0.000000 0.000000 0.000000
-7.893000 5.868000 0.000000 2.934000 2.932000
-7.883000 0.322000 0.000000 0.161000 0.161060
-7.873000 0.327000 0.000000 0.163380 0.163400
-7.863000 0.331400 0.000000 0.165560 0.165740
-7.853000 0.336400 0.000000 0.168160 0.168120
-7.843000 0.340800 0.000000 0.170360 0.170500
-7.833000 0.345800 0.000000 0.172780 0.172940
-7.823000 0.350200 0.000000 0.175400 0.175360
-7.813000 0.355200 0.000000 0.177440 0.177840
-7.803000 0.360400 0.000000 0.179880 0.179920
-7.793000 0.364800 0.000000 0.182540 0.182420
-7.783000 0.370000 0.000000 0.185000 0.184960
-7.773000 0.374600 0.000000 0.187460 0.187480
-7.763000 0.379600 0.000000 0.189540 0.189660
-7.753000 0.384200 0.000000 0.192040 0.192260
-7.743000 0.389400 0.000000 0.194540 0.194880
-7.733000 0.395400 0.000000 0.197600 0.197480
-7.723000 0.404000 0.000000 0.202000 0.202120
-7.713000 0.413200 0.000000 0.206400 0.206560
-7.703000 0.422400 0.000000 0.211000 0.211220
-7.693000 0.431000 0.000000 0.215800 0.215480
-7.683000 0.440200 0.000000 0.220200 0.219940
-7.673000 0.449000 0.000000 0.224400 0.224620
-7.663000 0.458200 0.000000 0.229200 0.229320
-7.653000 0.467400 0.000000 0.233600 0.233800
-7.643000 0.473400 0.000000 0.236800 0.236580
-7.633000 0.486600 0.000000 0.243600 0.243360
-7.623000 0.564200 0.000000 0.282200 0.282200
-7.613000 0.642000 0.000000 0.320800 0.321160
-7.603000 0.722400 0.000000 0.359000 0.360000
-7.593000 0.796000 0.000000 0.399400 0.399200
-7.583000 0.875800 0.000000 0.438400 0.439200
-7.573000 0.956000 0.000000 0.479400 0.478200
-7.563000 0.769400 0.000000 0.383400 0.384200
-7.553000 0.782600 0.000000 0.390600 0.390600
-7.543000 0.796000 0.000000 0.396000 0.396600
-7.533000 0.803400 0.000000 0.403000 0.402800
-7.523000 0.816800 0.000000 0.408600 0.409200
-7.513000 0.830200 0.000000 0.415600 0.415400
-7.503000 0.843600 0.000000 0.421200 0.421400
-7.493000 0.857200 0.000000 0.428400 0.427800
-7.483000 0.870600 0.000000 0.434000 0.434200
-7.473000 0.878200 0.000000 0.439600 0.440200
-7.463000 0.891800 0.000000 0.446600 0.446400
-7.453000 0.939200 0.000000 0.470600 0.469600
-7.443000 0.947000 0.000000 0.473000 0.472800
-7.433000 0.948600 0.000000 0.475400 0.475600
-7.423000 0.956200 0.000000 0.477600 0.478200
-7.413000 0.963800 0.000000 0.480000 0.480200
-7.403000 0.965600 0.000000 0.484000 0.482000
-7.393000 0.973200 0.000000 0.486800 0.487600
-7.383000 0.987200 0.000000 0.492600 0.493600
-7.373000 1.001000 0.000000 0.500000 0.499600
-7.363000 1.009000 0.000000 0.505800 0.505600
-7.353000 1.023000 0.000000 0.511400 0.511400
-7.343000 1.037000 0.000000 0.517200 0.517400
-7.333000 1.045000 0.000000 0.523200 0.523600
-7.323000 1.059000 0.000000 0.529000 0.529800
-7.313000 1.073200 0.000000 0.536400 0.535800
-7.303000 1.095200 0.000000 0.548000 0.547800
-7.293000 1.115800 0.000000 0.557000 0.558600
-7.283000 1.130400 0.000000 0.563800 0.565000
-7.273000 1.145200 0.000000 0.572800 0.571800
-7.263000 1.159800 0.000000 0.581600 0.582400
-7.253000 1.180400 0.000000 0.588600 0.589200
-7.243000 1.195000 0.000000 0.597800 0.595600
-7.233000 1.216400 0.000000 0.608400 0.611000
-7.223000 1.244000 0.000000 0.621400 0.622600
-7.213000 1.272000 0.000000 0.635000 0.634400
-7.203000 1.293800 0.000000 0.648400 0.650000
-7.193000 1.321600 0.000000 0.662000 0.661800
-7.183000 1.349600 0.000000 0.673600 0.673600
-7.173000 1.377600 0.000000 0.687200 0.685600
-7.163000 1.399800 0.000000 0.700800 0.701400
-7.153000 1.427800 0.000000 0.714400 0.713400
-7.143000 1.455800 0.000000 0.726200 0.725400
-7.133000 1.470800 0.000000 0.735200 0.736400
-7.123000 1.485600 0.000000 0.744200 0.743200
-7.113000 1.500400 0.000000 0.751600 0.750000
-7.103000 1.521400 0.000000 0.760600 0.760800
-7.093000 1.536200 0.000000 0.767800 0.767800
-7.083000 1.551200 0.000000 0.776800 0.774800
-7.073000 1.566200 0.000000 0.784200 0.785600
-7.063000 1.587200 0.000000 0.793400 0.792800
-7.053000 2.144000 0.542000 0.800800 0.799800
-7.043000 2.914000 1.284000 0.815400 0.816000
-7.033000 2.496000 0.825800 0.835600 0.836600
-7.023000 2.594000 0.889200 0.853800 0.853800
-7.013000 3.086000 0.950000 1.070000 1.070200
-7.003000 3.186000 1.014000 1.089000 1.087800
-6.993000 3.308000 1.024000 1.139400 1.140400
-6.983000 3.328000 0.950000 1.191200 1.191600
-6.973000 3.340000 0.899200 1.220200 1.221400
-6.963000 3.424000 0.922000 1.251200 1.251200
-6.953000 3.500000 0.942000 1.275400 1.275800
-6.943000 3.514000 0.968000 1.271600 1.273200
-6.933000 3.520000 0.988000 1.267600 1.266000
-6.923000 3.534000 1.014000 1.263200 1.262200
-6.913000 3.540000 1.034000 1.252600 1.254000
-6.903000 3.440000 0.952000 1.242000 1.245800
-6.893000 3.420000 0.952000 1.237400 1.237400
-6.883000 3.420000 0.944000 1.235800 1.234800
-6.873000 3.412000 0.942000 1.234200 1.236200
-6.863000 3.422000 0.952000 1.234200 1.232800
-6.853000 3.634000 0.962000 1.336800 1.335000
-6.843000 3.718000 0.972000 1.373400 1.372800
-6.833000 3.804000 0.988000 1.410200 1.411000
-6.823000 3.890000 0.998000 1.447000 1.445200
-6.813000 3.976000 1.008000 1.484200 1.484200
-6.803000 4.032000 1.006000 1.513000 1.514200
-6.793000 5.028000 0.980000 2.026000 2.028000
-6.783000 5.546000 0.962000 2.292000 2.294000
-6.773000 6.088000 0.962000 2.562000 2.562000
-6.763000 6.402000 0.964000 2.718000 2.722000
-6.753000 5.814000 0.972000 2.422000 2.420000
-6.743000 5.246000 0.972000 2.138000 2.136000
-6.733000 4.968000 0.974000 1.998000 1.998000
-6.723000 4.516000 0.980000 1.772000 1.770000
-6.713000 4.072000 0.990000 1.544000 1.544000
-6.703000 3.422000 0.992000 1.213600 1.215600
-6.693000 2.236000 1.000000 0.616400 0.613800
-6.683000 1.038000 1.010000 0.015100 0.015100
-6.673000 1.018000 1.018000 0.000000 0.000000
-6.663000 1.028000 1.028000 0.000000 0.000000
-6.653000 1.000000 1.000000 0.000000 0.000000
-6.643000 0.992000 0.992000 0.000000 0.000000
-6.633000 0.992000 0.992000 0.000000 0.000000
-6.623000 0.984000 0.984000 0.000000 0.000000
-6.613000 0.984000 0.984000 0.000000 0.000000
-6.603000 0.992000 0.992000 0.000000 0.000000
-6.593000 0.994000 0.994000 0.000000 0.000000
-6.583000 1.002000 1.002000 0.000000 0.000000
-6.573000 1.002000 1.002000 0.000000 0.000000
-6.563000 1.004000 1.004000 0.000000 0.000000
-6.553000 1.012000 1.012000 0.000000 0.000000
-6.543000 1.014000 1.014000 0.000000 0.000000
-6.533000 1.022000 1.022000 0.000000 0.000000
-6.523000 1.024000 1.024000 0.000000 0.000000
-6.513000 1.032000 1.032000 0.000000 0.000000
-6.503000 1.040000 1.040000 0.000000 0.000000
-6.493000 1.034000 1.034000 0.000000 0.000000
-6.483000 1.024000 1.024000 0.000000 0.000000
-6.473000 1.022000 1.022000 0.000000 0.000000
-6.463000 1.022000 1.022000 0.000000 0.000000
-6.453000 1.024000 1.024000 0.000000 0.000000
-6.443000 1.024000 1.024000 0.000000 0.000000
-6.433000 1.024000 1.024000 0.000000 0.000000
-6.423000 1.024000 1.024000 0.000000 0.000000
-6.413000 1.026000 1.026000 0.000000 0.000000
-6.403000 1.034000 1.034000 0.000000 0.000000
-6.393000 1.036000 1.036000 0.000000 0.000000
-6.383000 1.044000 1.044000 0.000000 0.000000
-6.373000 1.044000 1.044000 0.000000 0.000000
-6.363000 1.046000 1.046000 0.000000 0.000000
-6.353000 1.054000 1.054000 0.000000 0.000000
-6.343000 1.056000 1.056000 0.000000 0.000000
-6.333000 1.064000 1.064000 0.000000 0.000000
-6.323000 1.066000 1.066000 0.000000 0.000000
-6.313000 1.074000 1.074000 0.000000 0.000000
-6.303000 1.076000 1.076000 0.000000 0.000000
-6.293000 1.066000 1.066000 0.000000 0.000000
-6.283000 1.068000 1.068000 0.000000 0.000000
-6.273000 1.068000 1.068000 0.000000 0.000000
-6.263000 1.068000 1.068000 0.000000 0.000000
-6.253000 1.068000 1.068000 0.000000 0.000000
-6.243000 1.076000 1.076000 0.000000 0.000000
-6.233000 1.078000 1.078000 0.000000 0.000000
-6.223000 1.080000 1.080000 0.000000 0.000000
-6.213000 1.086000 1.086000 0.000000 0.000000
-6.203000 1.088000 1.088000 0.000000 0.000000
-6.193000 1.090000 1.090000 0.000000 0.000000
-6.183000 1.098000 1.098000 0.000000 0.000000
-6.173000 1.100000 1.100000 0.000000 0.000000
-6.163000 1.108000 1.108000 0.000000 0.000000
-6.153000 1.110000 1.110000 0.000000 0.000000
-6.143000 1.120000 1.120000 0.000000 0.000000
-6.133000 1.128000 1.128000 0.000000 0.000000
-6.123000 1.130000 1.130000 0.000000 0.000000
-6.113000 1.138000 1.138000 0.000000 0.000000
-6.103000 1.140000 1.140000 0.000000 0.000000
-6.093000 1.150000 1.150000 0.000000 0.000000
-6.083000 1.152000 1.152000 0.000000 0.000000
-6.073000 1.152000 1.152000 0.000000 0.000000
-6.063000 1.152000 1.152000 0.000000 0.000000
-6.053000 1.162000 1.162000 0.000000 0.000000
-6.043000 1.164000 1.164000 0.000000 0.000000
-6.033000 1.172000 1.172000 0.000000 0.000000
-6.023000 1.180000 1.180000 0.000000 0.000000
-6.013000 1.184000 1.184000 0.000000 0.000000
-6.003000 1.194000 1.194000 0.000000 0.000000
-5.993000 1.204000 1.204000 0.000000 0.000000
-5.983000 1.214000 1.214000 0.000000 0.000000
-5.973000 1.224000 1.224000 0.000000 0.000000
-5.963000 1.234000 1.234000 0.000000 0.000000
-5.953000 1.244000 1.244000 0.000000 0.000000
-5.943000 1.254000 1.254000 0.000000 0.000000
-5.933000 1.272000 1.272000 0.000000 0.000000
-5.923000 1.286000 1.286000 0.000000 0.000000
-5.913000 1.304000 1.304000 0.000000 0.000000
-5.903000 1.322000 1.322000 0.000000 0.000000
-5.893000 1.336000 1.336000 0.000000 0.000000
-5.883000 1.354000 1.354000 0.000000 0.000000
-5.873000 1.374000 1.374000 0.000000 0.000000
-5.863000 1.392000 1.392000 0.000000 0.000000
-5.853000 1.406000 1.406000 0.000000 0.000000
-5.843000 1.434000 1.434000 0.000000 0.000000
-5.833000 1.466000 1.466000 0.000000 0.000000
-5.823000 1.504000 1.504000 0.000000 0.000000
-5.813000 1.552000 1.552000 0.000000 0.000000
-5.803000 1.602000 1.602000 0.000000 0.000000
-5.793000 1.652000 1.652000 0.000000 0.000000
-5.783000 1.708000 1.708000 0.000000 0.000000
-5.773000 1.824000 1.824000 0.000000 0.000000
-5.763000 1.942000 1.942000 0.000000 0.000000
-5.753000 2.058000 2.058000 0.000000 0.000000
-5.743000 3.628000 3.628000 0.000000 0.000000
-5.733000 1.754000 1.754000 0.000000 0.000000
-5.723000 1.658000 1.658000 0.000000 0.000000
-5.713000 1.556000 1.556000 0.000000 0.000000
-5.703000 1.460000 1.460000 0.000000 0.000000
-5.693000 1.364000 1.364000 0.000000 0.000000
-5.683000 1.262000 1.262000 0.000000 0.000000
-5.673000 1.166000 1.166000 0.000000 0.000000
-5.663000 1.100000 1.100000 0.000000 0.000000
-5.653000 1.146000 1.146000 0.000000 0.000000
-5.643000 1.186000 1.186000 0.000000 0.000000
-5.633000 1.234000 1.234000 0.000000 0.000000
-5.623000 1.274000 1.274000 0.000000 0.000000
-5.613000 0.849400 0.849400 0.000000 0.000000
-5.603000 0.896800 0.896800 0.000000 0.000000
-5.593000 0.935400 0.935400 0.000000 0.000000
-5.583000 0.911800 0.911800 0.000000 0.000000
-5.573000 0.879400 0.879400 0.000000 0.000000
-5.563000 0.847000 0.847000 0.000000 0.000000
-5.553000 0.814600 0.814600 0.000000 0.000000
-5.543000 0.782200 0.782200 0.000000 0.000000
-5.533000 0.751800 0.751800 0.000000 0.000000
-5.523000 0.719400 0.719400 0.000000 0.000000
-5.513000 0.687000 0.687000 0.000000 0.000000
-5.503000 0.654600 0.654600 0.000000 0.000000
-5.493000 0.645600 0.622200 0.011579 0.011573
-5.483000 0.694800 0.589800 0.052756 0.052696
-5.473000 0.744000 0.558000 0.093648 0.093708
-5.463000 0.795200 0.524800 0.135052 0.135272
-5.453000 0.867400 0.511000 0.176930 0.176530
-5.443000 0.946200 0.510000 0.218280 0.218480
-5.433000 1.031000 0.508400 0.260300 0.260100
-5.423000 1.110000 0.506800 0.302620 0.302420
-5.413000 1.195200 0.505200 0.344380 0.344380
-5.403000 1.280000 0.504200 0.387840 0.386840
-5.393000 1.140600 0.502400 0.317920 0.317720
-5.383000 1.006600 0.500800 0.252640 0.252640
-5.373000 1.018600 0.499600 0.258500 0.258700
-5.363000 1.024600 0.498000 0.264340 0.264340
-5.353000 0.832600 0.290400 0.270200 0.270200
-5.343000 0.828600 0.278200 0.276060 0.275860
-5.333000 0.830600 0.265800 0.281920 0.281920
-5.323000 0.832600 0.254000 0.288000 0.288000
-5.313000 0.828600 0.241600 0.293880 0.294080
-5.303000 0.830600 0.229200 0.299780 0.299780
-5.293000 0.826600 0.217400 0.305660 0.305860
-5.283000 0.828600 0.205000 0.311560 0.311960
-5.273000 0.830600 0.192600 0.317860 0.317660
-5.263000 0.826600 0.180200 0.323780 0.323780
-5.253000 0.828600 0.168400 0.329700 0.329900
-5.243000 0.830600 0.156000 0.336020 0.335820
-5.233000 0.826600 0.143600 0.341740 0.341940
-5.223000 0.828600 0.131600 0.348080 0.348080
-5.213000 0.824600 0.119200 0.351340 0.351340
-5.203000 0.814400 0.106800 0.354600 0.354400
-5.193000 0.810200 0.094440 0.357840 0.357640
-5.183000 0.806000 0.082220 0.360880 0.360880
-5.173000 0.795800 0.070000 0.364100 0.364100
-5.163000 0.791400 0.057580 0.367300 0.367300
-5.153000 0.787200 0.045360 0.370500 0.370500
-5.143000 0.782800 0.033040 0.374100 0.373900
-5.133000 0.778600 0.020720 0.377720 0.377920
-5.123000 0.774200 0.008392 0.382340 0.382140
-5.113000 0.779200 0.004222 0.386560 0.386760
-5.103000 0.802800 0.017600 0.391200 0.391000
-5.093000 0.820400 0.030940 0.395420 0.395620
-5.083000 0.843800 0.044340 0.399460 0.399860
-5.073000 0.867400 0.057840 0.403680 0.404080
-5.063000 0.891000 0.071060 0.408320 0.408720
-5.053000 0.908600 0.084540 0.412560 0.412960
-5.043000 0.932200 0.098000 0.417200 0.417600
-5.033000 0.955800 0.111000 0.421440 0.421840
-5.023000 0.979400 0.124600 0.426080 0.426280
-5.013000 0.997000 0.138000 0.430320 0.430920
-5.003000 1.020800 0.151600 0.434960 0.435160
-4.993000 1.044400 0.165000 0.439620 0.439820
-4.983000 1.068000 0.178600 0.443860 0.444060
-4.973000 1.091600 0.191600 0.448520 0.448920
-4.963000 1.209200 0.209600 0.499520 0.498120
-4.953000 1.238800 0.241000 0.499220 0.498220
-4.943000 1.274400 0.270600 0.501480 0.503280
-4.933000 1.309400 0.299200 0.505760 0.504560
-4.923000 1.350000 0.326600 0.510420 0.509820
-4.913000 1.378000 0.352600 0.511300 0.510300
-4.903000 1.405400 0.377400 0.512200 0.510800
-4.893000 1.432600 0.401400 0.515520 0.515520
-4.883000 1.888000 0.855600 0.516820 0.516020
-4.873000 1.878000 0.836000 0.521380 0.521180
-4.863000 1.868000 0.812800 0.528800 0.526600
-4.853000 1.856000 0.782800 0.537040 0.536040
-4.843000 1.838000 0.747200 0.546120 0.545920
-4.833000 1.822000 0.704800 0.558480 0.560080
-4.823000 1.796000 0.647400 0.574080 0.574880
-4.813000 1.752000 0.574600 0.586860 0.589260
-4.803000 1.704000 0.508400 0.598360 0.599160
-4.793000 1.658000 0.447800 0.606180 0.604780
-4.783000 1.615000 0.393200 0.611120 0.609720
-4.773000 1.573600 0.345800 0.614400 0.614400
-4.763000 1.534200 0.304000 0.614800 0.614600
-4.753000 1.584800 0.272800 0.657400 0.657400
-4.743000 3.408000 1.640000 0.884200 0.885400
-4.733000 5.658000 3.908000 0.873800 0.875800
-4.723000 4.266000 2.756000 0.754800 0.753000
-4.713000 4.758000 3.322000 0.720400 0.719600
-4.703000 3.518000 2.094000 0.709800 0.710400
-4.693000 3.494000 2.028000 0.730600 0.730200
-4.683000 3.554000 1.958000 0.799600 0.799000
-4.673000 3.518000 1.880000 0.818600 0.818000
-4.663000 3.524000 1.848000 0.838400 0.837200
-4.653000 3.570000 1.854000 0.856600 0.860600
-4.643000 3.612000 1.852000 0.878800 0.879800
-4.633000 3.666000 1.858000 0.904800 0.903400
-4.623000 3.736000 1.806000 0.965800 0.965000
-4.613000 3.796000 1.658000 1.067800 1.069400
-4.603000 3.836000 1.418000 1.212800 1.212400
-4.593000 3.504000 1.276000 1.117400 1.115000
-4.583000 3.336000 1.240000 1.049000 1.046800
-4.573000 3.160000 1.194000 0.983600 0.984600
-4.563000 4.084000 1.138000 1.475800 1.473800
-4.553000 3.514000 1.092000 1.213600 1.212200
-4.543000 3.342000 1.048000 1.146200 1.149200
-4.533000 3.396000 1.012000 1.189800 1.192200
-4.523000 2.198000 0.984000 0.607340 0.609140
-4.513000 2.128000 0.956000 0.585300 0.585900
-4.503000 2.058000 0.930000 0.564880 0.562880
-4.493000 1.988000 0.903800 0.542480 0.543680
-4.483000 1.918000 0.878400 0.520100 0.520700
-4.473000 1.848000 0.851000 0.497740 0.497140
-4.463000 1.772000 0.825600 0.475400 0.474600
-4.453000 1.796000 0.820000 0.487320 0.486320
-4.443000 1.906000 0.817000 0.545260 0.545660
-4.433000 2.228000 0.815800 0.705200 0.704600
-4.423000 2.628000 0.842000 0.894400 0.895200
-4.413000 3.034000 0.890800 1.070600 1.072800
-4.403000 3.444000 0.960000 1.243200 1.242000
-4.393000 3.856000 1.050000 1.405600 1.405600
-4.383000 4.672000 1.158000 1.758400 1.756400
-4.373000 3.828000 1.288000 1.267600 1.271400
-4.363000 3.884000 1.446000 1.220200 1.219200
-4.353000 3.478000 1.106000 1.184200 1.182600
-4.343000 3.416000 1.106000 1.157400 1.153600
-4.333000 3.374000 1.088000 1.142800 1.143000
-4.323000 3.334000 1.060000 1.136600 1.137800
-4.313000 3.292000 1.014000 1.138200 1.141000
-4.303000 3.232000 0.966000 1.133800 1.135800
-4.293000 3.184000 0.919200 1.133800 1.131800
-4.283000 3.132000 0.879400 1.127600 1.127200
-4.273000 3.090000 0.843200 1.123400 1.122200
-4.263000 3.060000 0.814000 1.123200 1.122400
-4.253000 3.198000 0.853800 1.172800 1.171800
-4.243000 3.218000 0.840200 1.191600 1.192000
-4.233000 3.372000 0.823400 1.275000 1.273200
-4.223000 3.526000 0.809800 1.360600 1.358600
-4.213000 3.688000 0.796800 1.446000 1.446000
-4.203000 3.850000 0.785000 1.529600 1.531600
-4.193000 4.036000 0.775200 1.631200 1.631200
-4.183000 4.174000 0.764600 1.706400 1.702400
-4.173000 4.306000 0.758600 1.773800 1.775800
-4.163000 4.548000 0.750000 1.901800 1.899800
-4.153000 4.812000 0.738200 2.039200 2.039200
-4.143000 5.038000 0.725200 2.157800 2.155800
-4.133000 5.140000 0.708400 2.215200 2.217200
-4.123000 5.118000 0.690400 2.213000 2.217000
-4.113000 6.280000 0.674200 2.803800 2.803800
-4.103000 9.010000 0.708800 4.163000 4.163000
-4.093000 8.352000 0.772800 3.786600 3.786600
-4.083000 3.834000 0.836800 1.500400 1.498400
-4.073000 2.956000 0.866000 1.044200 1.046000
-4.063000 2.836000 0.863000 0.988200 0.987000
-4.053000 2.708000 0.823800 0.944400 0.942200
-4.043000 2.576000 0.750400 0.910800 0.911600
-4.033000 2.438000 0.644800 0.897400 0.895000
-4.023000 2.372000 0.644200 0.863200 0.862600
-4.013000 2.314000 0.651000 0.828800 0.829800
-4.003000 2.250000 0.659800 0.796400 0.797000
-3.993000 2.198000 0.665400 0.765400 0.763800
-3.983000 2.138000 0.670400 0.732000 0.734600
-3.973000 2.052000 0.675400 0.689200 0.689800
-3.963000 2.012000 0.677200 0.668400 0.666200
-3.953000 1.976000 0.681000 0.646800 0.647200
-3.943000 1.940000 0.681600 0.627000 0.627800
-3.933000 1.902000 0.684200 0.609400 0.608400
-3.923000 1.860000 0.684200 0.589600 0.589000
-3.913000 1.822000 0.681000 0.569600 0.569000
-3.903000 1.778000 0.679800 0.548800 0.548800
-3.893000 1.738000 0.678000 0.530200 0.529600
-3.883000 1.712000 0.673600 0.519000 0.519400
-3.873000 1.694000 0.668600 0.511400 0.511800
-3.863000 1.674000 0.665000 0.504000 0.504200
-3.853000 1.652000 0.658800 0.497200 0.497400
-3.843000 1.632000 0.650000 0.490800 0.491000
-3.833000 1.612000 0.642600 0.484400 0.484800
-3.823000 1.596000 0.635800 0.479800 0.479800
-3.813000 1.582000 0.629600 0.475600 0.475600
-3.803000 1.562000 0.620800 0.471200 0.471200
-3.793000 1.554000 0.617800 0.467400 0.467200
-3.783000 1.540000 0.612800 0.462800 0.462800
-3.773000 1.526000 0.608400 0.458400 0.458000
-3.763000 1.514000 0.605400 0.454000 0.453800
-3.753000 1.500000 0.601000 0.449000 0.449000
-3.743000 1.486000 0.596000 0.444600 0.444600
-3.733000 1.472000 0.593000 0.440000 0.440200
-3.723000 1.458000 0.588600 0.435600 0.435400
-3.713000 1.444000 0.583600 0.431200 0.431000
-3.703000 1.430000 0.581200 0.426200 0.426400
-3.693000 1.422000 0.576200 0.422000 0.422000
-3.683000 1.390000 0.555000 0.417600 0.417600
-3.673000 1.378000 0.551800 0.413200 0.413000
-3.663000 1.370000 0.550000 0.408200 0.408400
-3.653000 1.358000 0.548800 0.404000 0.403800
-3.643000 1.344000 0.547600 0.399200 0.399400
-3.633000 1.338000 0.544400 0.395000 0.394800
-3.623000 1.324000 0.542600 0.390400 0.390400
-3.613000 1.312000 0.541400 0.385800 0.385800
-3.603000 1.304000 0.540200 0.381400 0.381200
-3.593000 1.272000 0.537000 0.368000 0.368200
-3.583000 1.264000 0.535200 0.364600 0.364600
-3.573000 1.258000 0.534000 0.361000 0.361000
-3.563000 1.244000 0.532800 0.357000 0.357200
-3.553000 1.238000 0.529000 0.353600 0.353600
-3.543000 1.224000 0.527200 0.349800 0.350000
-3.533000 1.218000 0.525400 0.346400 0.346400
-3.523000 1.210000 0.522200 0.344400 0.344400
-3.513000 1.204000 0.520200 0.342600 0.342400
-3.503000 1.196000 0.517800 0.340600 0.340400
-3.493000 1.196000 0.515200 0.338600 0.338400
-3.483000 1.188000 0.513400 0.336800 0.336600
-3.473000 1.182000 0.510800 0.334800 0.334600
-3.463000 1.174000 0.508400 0.332800 0.332600
-3.453000 1.168000 0.506400 0.330600 0.330800
-3.443000 1.160000 0.504000 0.328800 0.329000
-3.433000 1.154000 0.501400 0.326800 0.327000
-3.423000 1.146000 0.498800 0.324800 0.325000
-3.413000 1.146000 0.497000 0.322800 0.322800
-3.403000 1.138000 0.494400 0.321200 0.321000
-3.393000 1.132000 0.491800 0.318800 0.319000
-3.383000 1.124000 0.490000 0.316800 0.316800
-3.373000 1.118000 0.487400 0.315000 0.314800
-3.363000 1.110000 0.483600 0.313000 0.313000
-3.353000 1.102000 0.478200 0.310800 0.311200
-3.343000 1.094000 0.473400 0.309000 0.309000
-3.333000 1.084000 0.468400 0.307000 0.307000
-3.323000 1.070000 0.463000 0.304400 0.304400
-3.313000 1.062000 0.458200 0.300600 0.300800
-3.303000 1.048000 0.452800 0.297400 0.297600
-3.293000 1.034000 0.447800 0.294200 0.294400
-3.283000 1.024000 0.442200 0.290800 0.290800
-3.273000 1.018000 0.440600 0.287200 0.287600
-3.263000 1.004000 0.439000 0.283800 0.284000
-3.253000 0.998000 0.438000 0.280560 0.280360
-3.243000 0.990000 0.436400 0.278380 0.278580
-3.233000 0.990000 0.434800 0.277040 0.277040
-3.223000 0.984000 0.433200 0.275480 0.275480
-3.213000 0.976000 0.431600 0.273940 0.273940
-3.203000 0.976000 0.430000 0.272600 0.272400
-3.193000 0.970000 0.428400 0.271040 0.271240
-3.183000 0.968000 0.427200 0.269280 0.269680
-3.173000 0.962000 0.425600 0.268140 0.268140
-3.163000 0.956000 0.424000 0.266580 0.266580
-3.153000 0.954000 0.422400 0.265220 0.265020
-3.143000 0.948000 0.420800 0.263680 0.263880
-3.133000 0.942000 0.419200 0.262120 0.262120
-3.123000 0.940000 0.417600 0.260760 0.260560
-3.113000 0.934000 0.416600 0.259200 0.259000
-3.103000 0.932000 0.415000 0.257640 0.257840
-3.093000 1.003800 0.493200 0.254580 0.254380
-3.083000 1.147400 0.638800 0.252800 0.252800
-3.073000 1.285200 0.783600 0.251220 0.251220
-3.063000 1.429200 0.928000 0.250040 0.250040
-3.053000 1.573200 1.078400 0.248240 0.248240
-3.043000 1.711600 1.223000 0.246660 0.246660
-3.033000 1.856000 1.368000 0.244880 0.245080
-3.023000 1.450800 0.963000 0.243300 0.243300
-3.013000 1.456200 0.968800 0.241700 0.241700
-3.003000 1.461600 0.980400 0.239920 0.239920
-2.993000 1.466800 0.986200 0.238340 0.238340
-2.983000 1.472200 0.998000 0.236560 0.236560
-2.973000 1.471600 1.003800 0.234960 0.235360
-2.963000 1.477200 1.009600 0.233780 0.233580
-2.953000 1.482600 1.021400 0.232000 0.232000
-2.943000 1.488000 1.027200 0.230400 0.230200
-2.933000 1.493600 1.039200 0.228820 0.228620
-2.923000 1.499000 1.045000 0.227040 0.226840
-2.913000 1.491800 1.057000 0.219460 0.219660
-2.903000 1.503400 1.069000 0.218480 0.218480
-2.893000 1.515200 1.080800 0.216920 0.217320
-2.883000 1.508400 1.074600 0.215960 0.215760
-2.873000 1.514600 1.087000 0.214780 0.214580
-2.863000 1.520600 1.093400 0.213420 0.213420
-2.853000 1.496000 1.075200 0.212260 0.212260
-2.843000 1.477400 1.056800 0.211280 0.211080
-2.833000 1.452800 1.038600 0.209720 0.209920
-2.823000 1.440200 1.020400 0.208560 0.208760
-2.813000 1.440000 1.026400 0.207600 0.207600
-2.803000 1.439800 1.026600 0.206040 0.206040
-2.793000 1.439800 1.026800 0.205080 0.204880
-2.783000 1.439600 1.027000 0.203500 0.203700
-2.773000 1.433400 1.033200 0.202540 0.202540
-2.763000 1.433200 1.033200 0.201380 0.201380
-2.753000 1.433000 1.033400 0.200020 0.200220
-2.743000 1.432800 1.033400 0.199080 0.199080
-2.733000 1.432600 1.039400 0.198140 0.198140
-2.723000 1.432400 1.039600 0.197200 0.197400
-2.713000 1.432200 1.039600 0.196240 0.196240
-2.703000 1.438000 1.045800 0.195300 0.195700
-2.693000 1.443800 1.052000 0.194340 0.194540
-2.683000 1.443800 1.058200 0.193780 0.193580
-2.673000 1.449600 1.064200 0.192840 0.192840
-2.663000 1.449400 1.064400 0.191880 0.191680
-2.653000 1.455200 1.070600 0.190500 0.190700
-2.643000 1.455000 1.076600 0.189540 0.189540
-2.633000 1.460800 1.082800 0.188560 0.188760
-2.623000 1.460400 1.089000 0.186960 0.186960
-2.613000 1.460200 1.089200 0.185360 0.185160
-2.603000 1.466000 1.095200 0.183760 0.183560
-2.593000 1.465800 1.101400 0.182140 0.182140
-2.583000 1.465400 1.107600 0.180540 0.180340
-2.573000 1.446200 1.088800 0.178940 0.178540
-2.563000 1.439600 1.088600 0.177120 0.176920
-2.553000 1.433000 1.082400 0.175120 0.175520
-2.543000 1.426400 1.082000 0.173520 0.173720
-2.533000 1.425600 1.075800 0.171900 0.171900
-2.523000 1.418800 1.075400 0.170300 0.170100
-2.513000 1.405200 1.068200 0.168680 0.168680
-2.503000 1.403800 1.067200 0.166680 0.166880
-2.493000 1.396400 1.066200 0.165080 0.165080
-2.483000 1.395000 1.065200 0.163480 0.163280
-2.473000 1.393600 1.070400 0.161500 0.161500
-2.463000 1.386400 1.069400 0.159700 0.159700
-2.453000 1.385000 1.068400 0.158120 0.157920
-2.443000 1.383600 1.067400 0.156120 0.156520
-2.433000 1.382200 1.072400 0.154540 0.154540
-2.423000 1.375000 1.071400 0.152560 0.152760
-2.413000 1.374000 1.070800 0.150980 0.150980
-2.403000 1.373600 1.076800 0.149400 0.149200
-2.393000 1.373400 1.077000 0.147420 0.147420
-2.383000 1.373200 1.083000 0.145860 0.145460
-2.373000 1.372800 1.083000 0.143900 0.143700
-2.363000 1.372600 1.089200 0.142120 0.141920
-2.353000 1.372200 1.089200 0.140160 0.140360
-2.343000 1.366000 1.089200 0.138200 0.138600
-2.333000 1.365800 1.095200 0.136640 0.136640
-2.323000 1.439000 1.095400 0.172460 0.172260
-2.313000 1.432400 1.101400 0.165760 0.165960
-2.303000 1.420000 1.101400 0.159460 0.159660
-2.293000 1.487200 1.101600 0.193000 0.192800
-2.283000 1.468200 1.107600 0.179920 0.179920
-2.273000 1.443400 1.107600 0.167080 0.166880
-2.263000 1.418600 1.113800 0.153860 0.154060
-2.253000 1.394000 1.113800 0.141080 0.140880
-2.243000 1.369200 1.113800 0.127922 0.127922
-2.233000 1.350800 1.120000 0.114802 0.114802
-2.223000 1.326200 1.120000 0.101716 0.101516
-2.213000 1.301800 1.120000 0.088662 0.088262
-2.203000 1.277200 1.126000 0.075242 0.075442
-2.193000 1.252600 1.125600 0.062232 0.061972
-2.183000 1.240200 1.143600 0.048796 0.048796
-2.173000 1.215600 1.143200 0.035532 0.035492
-2.163000 1.191000 1.148800 0.022221 0.022221
-2.153000 1.166400 1.148400 0.008861 0.008881
-2.143000 1.154000 1.154000 0.000000 0.000000
-2.133000 1.153600 1.153600 0.000000 0.000000
-2.123000 1.159000 1.159000 0.000000 0.000000
-2.113000 1.158600 1.158600 0.000000 0.000000
-2.103000 1.164000 1.164000 0.000000 0.000000
-2.093000 1.163600 1.163600 0.000000 0.000000
-2.083000 1.169000 1.169000 0.000000 0.000000
-2.073000 1.168400 1.168400 0.000000 0.000000
-2.063000 1.174000 1.174000 0.000000 0.000000
-2.053000 1.173400 1.173400 0.000000 0.000000
-2.043000 1.178800 1.178800 0.000000 0.000000
-2.033000 1.178200 1.178200 0.000000 0.000000
-2.023000 1.183600 1.183600 0.000000 0.000000
-2.013000 1.183000 1.183000 0.000000 0.000000
-2.003000 1.182400 1.182400 0.000000 0.000000
-1.993000 1.187800 1.187800 0.000000 0.000000
-1.983000 1.187200 1.187200 0.000000 0.000000
-1.973000 1.180000 1.180000 0.000000 0.000000
-1.963000 1.179800 1.179800 0.000000 0.000000
-1.953000 1.179400 1.179400 0.000000 0.000000
-1.943000 1.185000 1.185000 0.000000 0.000000
-1.933000 1.184800 1.184800 0.000000 0.000000
-1.923000 1.190400 1.190400 0.000000 0.000000
-1.913000 1.190000 1.190000 0.000000 0.000000
-1.903000 1.195800 1.195800 0.000000 0.000000
-1.893000 1.201400 1.201400 0.000000 0.000000
-1.883000 1.207000 1.207000 0.000000 0.000000
-1.873000 1.212800 1.212800 0.000000 0.000000
-1.863000 1.212400 1.212400 0.000000 0.000000
-1.853000 1.218000 1.218000 0.000000 0.000000
-1.843000 1.317200 1.317200 0.000000 0.000000
-1.833000 1.359800 1.359800 0.000000 0.000000
-1.823000 1.402200 1.402200 0.000000 0.000000
-1.813000 1.444600 1.444600 0.000000 0.000000
-1.803000 1.486800 1.486800 0.000000 0.000000
-1.793000 1.516400 1.516400 0.000000 0.000000
-1.783000 1.533600 1.533600 0.000000 0.000000
-1.773000 1.556800 1.556800 0.000000 0.000000
-1.763000 1.573800 1.573800 0.000000 0.000000
-1.753000 1.597000 1.597000 0.000000 0.000000
-1.743000 1.614000 1.614000 0.000000 0.000000
-1.733000 1.636800 1.636800 0.000000 0.000000
-1.723000 1.659800 1.659800 0.000000 0.000000
-1.713000 1.676600 1.676600 0.000000 0.000000
-1.703000 1.693200 1.693200 0.000000 0.000000
-1.693000 1.703600 1.703600 0.000000 0.000000
-1.683000 1.720000 1.720000 0.000000 0.000000
-1.673000 1.730400 1.730400 0.000000 0.000000
-1.663000 1.746800 1.746800 0.000000 0.000000
-1.653000 1.757000 1.757000 0.000000 0.000000
-1.643000 1.719400 1.719400 0.000000 0.000000
-1.633000 1.573800 1.573800 0.000000 0.000000
-1.623000 1.440600 1.440600 0.000000 0.000000
-1.613000 1.403200 1.403200 0.000000 0.000000
-1.603000 1.359600 1.359600 0.000000 0.000000
-1.593000 1.322000 1.322000 0.000000 0.000000
-1.583000 1.278400 1.278400 0.000000 0.000000
-1.573000 1.240800 1.240800 0.000000 0.000000
-1.563000 1.209600 1.209600 0.000000 0.000000
-1.553000 1.178200 1.178200 0.000000 0.000000
-1.543000 1.158600 1.158600 0.000000 0.000000
-1.533000 1.133200 1.133200 0.000000 0.000000
-1.523000 1.113800 1.113800 0.000000 0.000000
-1.513000 1.088400 1.088400 0.000000 0.000000
-1.503000 1.069000 1.069000 0.000000 0.000000
-1.493000 1.049800 1.049800 0.000000 0.000000
-1.483000 1.024400 1.024400 0.000000 0.000000
-1.473000 1.005200 1.005200 0.000000 0.000000
-1.463000 0.980000 0.980000 0.000000 0.000000
-1.453000 0.960800 0.960800 0.000000 0.000000
-1.443000 0.948200 0.948200 0.000000 0.000000
-1.433000 0.935600 0.935600 0.000000 0.000000
-1.423000 0.923200 0.923200 0.000000 0.000000
-1.413000 0.910600 0.910600 0.000000 0.000000
-1.403000 0.904000 0.904000 0.000000 0.000000
-1.393000 0.891400 0.891400 0.000000 0.000000
-1.383000 0.878800 0.878800 0.000000 0.000000
-1.373000 0.860200 0.860200 0.000000 0.000000
-1.363000 0.847600 0.847600 0.000000 0.000000
-1.353000 0.835000 0.835000 0.000000 0.000000
-1.343000 0.816400 0.816400 0.000000 0.000000
-1.333000 0.804000 0.804000 0.000000 0.000000
-1.323000 0.791400 0.791400 0.000000 0.000000
-1.313000 0.778800 0.778800 0.000000 0.000000
-1.303000 0.760400 0.760400 0.000000 0.000000
-1.293000 0.747800 0.747800 0.000000 0.000000
-1.283000 0.741400 0.741400 0.000000 0.000000
-1.273000 0.734800 0.734800 0.000000 0.000000
-1.263000 0.722400 0.722400 0.000000 0.000000
-1.253000 0.715800 0.715800 0.000000 0.000000
-1.243000 0.709400 0.709400 0.000000 0.000000
-1.233000 0.702800 0.702800 0.000000 0.000000
-1.223000 0.696400 0.696400 0.000000 0.000000
-1.213000 0.690000 0.690000 0.000000 0.000000
-1.203000 0.683400 0.683400 0.000000 0.000000
-1.193000 0.677000 0.677000 0.000000 0.000000
-1.183000 0.670400 0.670400 0.000000 0.000000
-1.173000 0.667000 0.667000 0.000000 0.000000
-1.163000 0.659200 0.659200 0.000000 0.000000
-1.153000 0.649000 0.649000 0.000000 0.000000
-1.143000 0.638400 0.638400 0.000000 0.000000
-1.133000 0.628200 0.628200 0.000000 0.000000
-1.123000 0.617400 0.617400 0.000000 0.000000
-1.113000 0.606800 0.606800 0.000000 0.000000
-1.103000 0.596600 0.596600 0.000000 0.000000
-1.093000 0.589600 0.589600 0.000000 0.000000
-1.083000 0.582400 0.582400 0.000000 0.000000
-1.073000 0.575400 0.575400 0.000000 0.000000
-1.063000 0.568200 0.568200 0.000000 0.000000
-1.053000 0.561200 0.561200 0.000000 0.000000
-1.043000 0.554000 0.554000 0.000000 0.000000
-1.033000 0.554600 0.554600 0.000000 0.000000
-1.023000 0.545800 0.545800 0.000000 0.000000
-1.013000 0.536800 0.536800 0.000000 0.000000
-1.003000 0.528000 0.528000 0.000000 0.000000
-0.993000 0.519000 0.519000 0.000000 0.000000
-0.983000 0.510600 0.510600 0.000000 0.000000
-0.973000 0.501600 0.501600 0.000000 0.000000
-0.963000 0.493000 0.493000 0.000000 0.000000
-0.953000 0.484400 0.484400 0.000000 0.000000
-0.943000 0.475200 0.475200 0.000000 0.000000
-0.933000 0.466600 0.466600 0.000000 0.000000
-0.923000 0.458000 0.458000 0.000000 0.000000
-0.913000 0.449200 0.449200 0.000000 0.000000
-0.903000 0.440400 0.440400 0.000000 0.000000
-0.893000 0.449200 0.449200 0.000000 0.000000
-0.883000 0.442200 0.442200 0.000000 0.000000
-0.873000 0.435000 0.435000 0.000000 0.000000
-0.863000 0.427200 0.427200 0.000000 0.000000
-0.853000 0.419600 0.419600 0.000000 0.000000
-0.843000 0.411800 0.411800 0.000000 0.000000
-0.833000 0.403800 0.403800 0.000000 0.000000
-0.823000 0.396000 0.396000 0.000000 0.000000
-0.813000 0.388600 0.388600 0.000000 0.000000
-0.803000 0.380600 0.380600 0.000000 0.000000
-0.793000 0.373200 0.373200 0.000000 0.000000
-0.783000 0.365000 0.365000 0.000000 0.000000
-0.773000 0.357600 0.357600 0.000000 0.000000
-0.763000 0.350000 0.350000 0.000000 0.000000
-0.753000 0.342200 0.342200 0.000000 0.000000
-0.743000 0.334600 0.334600 0.000000 0.000000
-0.733000 0.326860 0.326860 0.000000 0.000000
-0.723000 0.319080 0.319080 0.000000 0.000000
-0.713000 0.311260 0.311260 0.000000 0.000000
-0.703000 0.303380 0.303380 0.000000 0.000000
-0.693000 0.296060 0.296060 0.000000 0.000000
-0.683000 0.288100 0.288100 0.000000 0.000000
-0.673000 0.280680 0.280680 0.000000 0.000000
-0.663000 0.273422 0.273422 0.000000 0.000000
-0.653000 0.268546 0.268546 0.000000 0.000000
-0.643000 0.263072 0.263072 0.000000 0.000000
-0.633000 0.258198 0.258198 0.000000 0.000000
-0.623000 0.253324 0.253324 0.000000 0.000000
-0.613000 0.247852 0.247852 0.000000 0.000000
-0.603000 0.242980 0.242980 0.000000 0.000000
-0.593000 0.253740 0.253740 0.000000 0.000000
-0.583000 0.260950 0.260950 0.000000 0.000000
-0.573000 0.393600 0.393600 0.000000 0.000000
-0.563000 0.560800 0.560800 0.000000 0.000000
-0.553000 0.618600 0.618600 0.000000 0.000000
-0.543000 0.676200 0.676200 0.000000 0.000000
-0.533000 0.733800 0.733800 0.000000 0.000000
-0.523000 0.791200 0.791200 0.000000 0.000000
-0.513000 0.840000 0.840000 0.000000 0.000000
-0.503000 0.876000 0.876000 0.000000 0.000000
-0.493000 0.908000 0.908000 0.000000 0.000000
-0.483000 0.944000 0.944000 0.000000 0.000000
-0.473000 0.980000 0.980000 0.000000 0.000000
-0.463000 1.010000 1.010000 0.000000 0.000000
-0.453000 1.044000 1.044000 0.000000 0.000000
-0.443000 1.074000 1.074000 0.000000 0.000000
-0.433000 1.108000 1.108000 0.000000 0.000000
-0.423000 1.128000 1.128000 0.000000 0.000000
-0.413000 1.156000 1.156000 0.000000 0.000000
-0.403000 1.176000 1.176000 0.000000 0.000000
-0.393000 1.202000 1.202000 0.000000 0.000000
-0.383000 1.228000 1.228000 0.000000 0.000000
-0.373000 1.248000 1.248000 0.000000 0.000000
-0.363000 1.274000 1.274000 0.000000 0.000000
-0.353000 1.300000 1.300000 0.000000 0.000000
-0.343000 1.320000 1.320000 0.000000 0.000000
-0.333000 1.346000 1.346000 0.000000 0.000000
-0.323000 1.336000 1.336000 0.000000 0.000000
-0.313000 1.306000 1.306000 0.000000 0.000000
-0.303000 1.274000 1.274000 0.000000 0.000000
-0.293000 1.254000 1.254000 0.000000 0.000000
-0.283000 1.242000 1.242000 0.000000 0.000000
-0.273000 1.230000 1.230000 0.000000 0.000000
-0.263000 1.218000 1.218000 0.000000 0.000000
-0.253000 1.206000 1.206000 0.000000 0.000000
-0.243000 1.194000 1.194000 0.000000 0.000000
-0.233000 1.188000 1.188000 0.000000 0.000000
-0.223000 1.184000 1.184000 0.000000 0.000000
-0.213000 1.180000 1.180000 0.000000 0.000000
-0.203000 1.178000 1.178000 0.000000 0.000000
-0.193000 1.174000 1.174000 0.000000 0.000000
-0.183000 1.170000 1.170000 0.000000 0.000000
-0.173000 1.168000 1.168000 0.000000 0.000000
-0.163000 1.164000 1.164000 0.000000 0.000000
-0.153000 1.178000 1.178000 0.000000 0.000000
-0.143000 1.200000 1.200000 0.000000 0.000000
-0.133000 1.230000 1.230000 0.000000 0.000000
-0.123000 1.258000 1.258000 0.000000 0.000000
-0.113000 1.288000 1.288000 0.000000 0.000000
-0.103000 1.318000 1.318000 0.000000 0.000000
-0.093000 1.352000 1.352000 0.000000 0.000000
-0.083000 1.392000 1.392000 0.000000 0.000000
-0.073000 1.430000 1.430000 0.000000 0.000000
-0.063000 1.472000 1.472000 0.000000 0.000000
-0.053000 1.516000 1.516000 0.000000 0.000000
-0.043000 1.554000 1.554000 0.000000 0.000000
-0.033000 1.600000 1.600000 0.000000 0.000000
-0.023000 1.640000 1.640000 0.000000 0.000000
-0.013000 1.686000 1.686000 0.000000 0.000000
-0.003000 1.726000 1.726000 0.000000 0.000000
0.007000 2.328000 2.328000 0.000000 0.000000
0.017000 2.276000 2.276000 0.000000 0.000000
0.027000 2.220000 2.220000 0.000000 0.000000
0.037000 2.162000 2.162000 0.000000 0.000000
0.047000 2.110000 2.110000 0.000000 0.000000
0.057000 2.052000 2.052000 0.000000 0.000000
0.067000 1.994000 1.994000 0.000000 0.000000
0.077000 1.940000 1.940000 0.000000 0.000000
0.087000 1.888000 1.888000 0.000000 0.000000
0.097000 1.836000 1.836000 0.000000 0.000000
0.107000 1.784000 1.784000 0.000000 0.000000
0.117000 1.730000 1.730000 0.000175 0.000176
0.127000 1.940000 1.920000 0.009304 0.009292
0.137000 2.366000 2.326000 0.018440 0.018450
0.147000 1.380000 1.326000 0.027600 0.027620
0.157000 1.384000 1.310000 0.036780 0.036800
0.167000 1.380000 1.292000 0.045860 0.045900
0.177000 1.374000 1.264000 0.055140 0.055120
0.187000 1.368000 1.240000 0.064400 0.064420
0.197000 1.370000 1.222000 0.073480 0.073520
0.207000 1.366000 1.198000 0.083000 0.082960
0.217000 1.362000 1.180000 0.092160 0.091920
0.227000 1.362000 1.162000 0.101360 0.101320
0.237000 1.364000 1.144000 0.110640 0.110740
0.247000 1.366000 1.126000 0.119720 0.119600
0.257000 1.362000 1.108000 0.129080 0.129100
0.267000 1.364000 1.086000 0.138480 0.138620
0.277000 1.366000 1.068000 0.147920 0.147980
0.287000 1.298000 1.050000 0.123000 0.122800
0.297000 1.290000 1.038000 0.127680 0.127540
0.307000 1.282000 1.022000 0.132400 0.132300
0.317000 1.210000 1.004000 0.102240 0.102480
0.327000 1.192000 0.988000 0.103600 0.103500
0.337000 1.182000 0.970000 0.104920 0.104940
0.347000 1.166000 0.952000 0.106240 0.106380
0.357000 1.176000 0.962000 0.107400 0.107420
0.367000 1.282000 1.066000 0.108720 0.108860
0.377000 1.386000 1.166000 0.110080 0.109920
0.387000 1.492000 1.262000 0.111440 0.111360
0.397000 1.594000 1.366000 0.112560 0.112820
0.407000 1.698000 1.468000 0.113920 0.113880
0.417000 1.128000 0.896000 0.115280 0.115340
0.427000 1.120000 0.888000 0.116680 0.116400
0.437000 1.112000 0.874000 0.117840 0.117860
0.447000 1.104000 0.864000 0.119200 0.119340
0.457000 1.096000 0.856000 0.120600 0.120400
0.467000 1.094000 0.849200 0.121760 0.121680
0.477000 1.086000 0.840600 0.122960 0.123140
0.487000 1.084000 0.833600 0.124320 0.124220
0.497000 1.082000 0.834000 0.125720 0.125720
0.507000 1.086000 0.835000 0.126920 0.126800
0.517000 1.092000 0.833400 0.128320 0.128280
0.527000 1.096000 0.834400 0.129600 0.129580
0.537000 1.094000 0.834800 0.130600 0.130660
0.547000 1.098000 0.834000 0.132200 0.132160
0.557000 1.102000 0.838000 0.133800 0.133680
0.567000 1.106000 0.834000 0.135000 0.135200
0.577000 1.106000 0.832000 0.136600 0.136720
0.587000 1.110000 0.836000 0.138200 0.137820
0.597000 1.114000 0.834000 0.139400 0.139340
0.607000 1.120000 0.838000 0.141000 0.140860
0.617000 1.118000 0.836000 0.142000 0.142380
0.627000 1.122000 0.834000 0.143600 0.143900
0.637000 1.128000 0.838000 0.145200 0.145000
0.647000 1.132000 0.836000 0.146400 0.146520
0.657000 1.132000 0.834000 0.148000 0.148020
0.667000 1.136000 0.838000 0.149000 0.149100
0.677000 1.140000 0.836000 0.150200 0.149960
0.687000 1.254000 0.948000 0.151000 0.150780
0.697000 1.246000 0.942000 0.151200 0.151340
0.707000 1.250000 0.952000 0.151400 0.151480
0.717000 1.260000 0.956000 0.151200 0.151380
0.727000 1.264000 0.966000 0.151200 0.151480
0.737000 1.274000 0.970000 0.151200 0.150940
0.747000 1.276000 0.978000 0.150600 0.150580
0.757000 1.284000 0.982000 0.149800 0.150000
0.767000 1.288000 0.992000 0.149200 0.149220
0.777000 1.298000 1.002000 0.148600 0.148380
0.787000 1.306000 1.012000 0.147400 0.147540
0.797000 1.362000 1.068000 0.146800 0.146720
0.807000 1.124000 0.832200 0.145400 0.145280
0.817000 1.122000 0.836600 0.145000 0.144680
0.827000 1.120000 0.835000 0.143800 0.143900
0.837000 1.124000 0.833400 0.143200 0.143540
0.847000 1.122000 0.831800 0.143000 0.143000
0.857000 1.120000 0.830200 0.143000 0.142880
0.867000 1.118000 0.834600 0.142800 0.142800
0.877000 1.116000 0.833000 0.142600 0.142920
0.887000 1.114000 0.825400 0.143000 0.143080
0.897000 1.112000 0.823800 0.143600 0.143200
0.907000 1.112000 0.822200 0.144000 0.143800
0.917000 1.110000 0.820400 0.144800 0.144600
0.927000 1.108000 0.818800 0.145400 0.145400
0.937000 1.108000 0.811200 0.146200 0.146200
0.947000 1.106000 0.809400 0.147200 0.147400
0.957000 1.134000 0.807800 0.164800 0.164800
0.967000 1.132000 0.806400 0.164400 0.164400
0.977000 1.136000 0.805000 0.164200 0.164200
0.987000 1.136000 0.803600 0.164200 0.164400
0.997000 1.134000 0.802000 0.164600 0.164400
1.007000 1.132000 0.800600 0.165000 0.165000
1.017000 1.132000 0.799000 0.165800 0.165800
1.027000 1.130000 0.797600 0.166600 0.166800
1.037000 1.130000 0.790000 0.167400 0.167600
1.047000 1.128000 0.788400 0.169000 0.168800
1.057000 1.128000 0.787000 0.170400 0.170200
1.067000 1.122000 0.779400 0.172000 0.171800
1.077000 1.120000 0.771800 0.174000 0.173600
1.087000 1.120000 0.770200 0.175800 0.176000
1.097000 1.114000 0.762600 0.177800 0.178200
1.107000 1.114000 0.749000 0.180400 0.180200
1.117000 1.106000 0.740800 0.182000 0.181800
1.127000 1.240000 0.873200 0.183800 0.184000
1.137000 1.230000 0.846600 0.190600 0.190800
1.147000 1.214000 0.820000 0.196600 0.196600
1.157000 1.210000 0.800600 0.202200 0.202200
1.167000 1.208000 0.795600 0.207000 0.207000
1.177000 1.204000 0.784600 0.211000 0.210800
1.187000 1.180000 0.773600 0.200600 0.200600
1.197000 1.178000 0.774800 0.202800 0.202800
1.207000 1.180000 0.770000 0.204400 0.204400
1.217000 1.182000 0.765200 0.205800 0.206000
1.227000 1.184000 0.766400 0.207000 0.207000
1.237000 1.184000 0.773800 0.208000 0.207800
1.247000 1.192000 0.775400 0.208200 0.208400
1.257000 1.200000 0.783000 0.208800 0.208800
1.267000 1.208000 0.790800 0.208600 0.208800
1.277000 1.222000 0.804600 0.208200 0.208600
1.287000 1.228000 0.812400 0.207800 0.208000
1.297000 1.238000 0.820200 0.208600 0.208800
1.307000 1.252000 0.834000 0.211200 0.210800
1.317000 1.128000 0.699800 0.213000 0.213200
1.327000 1.144000 0.715000 0.215400 0.215400
1.337000 1.168000 0.727000 0.217600 0.218000
1.347000 1.184000 0.742800 0.220200 0.220000
1.357000 1.192000 0.749800 0.221000 0.221400
1.367000 1.192000 0.749400 0.222600 0.222400
1.377000 1.198000 0.748800 0.224200 0.224000
1.387000 1.200000 0.748400 0.225600 0.225600
1.397000 1.200000 0.748000 0.227400 0.227400
1.407000 1.206000 0.747600 0.229000 0.229000
1.417000 1.208000 0.747000 0.230800 0.230800
1.427000 1.208000 0.746600 0.231600 0.231800
1.437000 1.206000 0.740200 0.230600 0.230800
1.447000 1.198000 0.739600 0.229800 0.229600
1.457000 1.198000 0.738800 0.229000 0.229000
1.467000 1.190000 0.732200 0.228400 0.228200
1.477000 1.188000 0.731400 0.228000 0.228000
1.487000 1.182000 0.724600 0.227800 0.227800
1.497000 1.174000 0.721200 0.227800 0.227800
1.507000 1.174000 0.716000 0.227800 0.228000
1.517000 1.166000 0.710200 0.228200 0.228600
1.527000 1.160000 0.703600 0.228800 0.229000
1.537000 1.158000 0.696400 0.230000 0.230000
1.547000 1.152000 0.689200 0.230800 0.230800
1.557000 1.382000 0.918400 0.231800 0.231800
1.567000 1.356000 0.891200 0.232600 0.232800
1.577000 1.336000 0.870200 0.234000 0.234000
1.587000 1.308000 0.843000 0.235200 0.235000
1.597000 1.282000 0.809400 0.236000 0.236000
1.607000 1.254000 0.782000 0.237000 0.236800
1.617000 1.228000 0.754600 0.237800 0.237800
1.627000 1.200000 0.727400 0.237800 0.238000
1.637000 1.174000 0.699600 0.237800 0.238000
1.647000 1.152000 0.673000 0.237800 0.238000
1.657000 1.138000 0.664200 0.237400 0.237400
1.667000 1.136000 0.664800 0.237000 0.237000
1.677000 1.170000 0.666000 0.251600 0.251600
1.687000 1.176000 0.667800 0.253000 0.253000
1.697000 1.176000 0.669200 0.254600 0.254600
1.707000 1.182000 0.670400 0.256400 0.256400
1.717000 1.188000 0.671800 0.257800 0.257600
1.727000 1.190000 0.673000 0.259400 0.259200
1.737000 1.196000 0.673800 0.260400 0.260400
1.747000 1.204000 0.680200 0.261800 0.262000
1.757000 1.212000 0.688000 0.263000 0.262800
1.767000 1.226000 0.695600 0.264000 0.264000
1.777000 1.234000 0.703400 0.264400 0.264200
1.787000 1.242000 0.710400 0.264600 0.265000
1.797000 1.250000 0.718800 0.265000 0.265200
1.807000 1.258000 0.726400 0.265400 0.265400
1.817000 1.266000 0.734000 0.266000 0.265800
1.827000 1.274000 0.741800 0.266000 0.266400
1.837000 1.282000 0.749400 0.266800 0.266800
1.847000 1.288000 0.757200 0.267400 0.267600
1.857000 1.296000 0.764800 0.267800 0.267800
1.867000 1.304000 0.772600 0.268400 0.268200
1.877000 1.312000 0.780200 0.268800 0.268800
1.887000 1.326000 0.788000 0.269600 0.269200
1.897000 1.334000 0.789600 0.269800 0.270000
1.907000 1.342000 0.797200 0.270200 0.270400
1.917000 1.350000 0.805000 0.271200 0.271200
1.927000 1.358000 0.812600 0.272200 0.272400
1.937000 1.254000 0.706600 0.273000 0.273200
1.947000 1.262000 0.707000 0.276600 0.276400
1.957000 1.270000 0.713200 0.280000 0.279800
1.967000 1.278000 0.713400 0.283200 0.282800
1.977000 1.286000 0.713800 0.285800 0.286000
1.987000 1.294000 0.720000 0.289000 0.289000
1.997000 1.502000 0.920200 0.291800 0.292000
2.007000 1.482000 0.892400 0.295200 0.295400
2.017000 1.456000 0.858200 0.299000 0.299000
2.027000 1.436000 0.830000 0.302800 0.302600
2.037000 1.418000 0.802200 0.307200 0.307200
2.047000 1.398000 0.774600 0.311200 0.311200
2.057000 1.386000 0.752800 0.315800 0.316000
2.067000 1.350000 0.725000 0.313000 0.313000
2.077000 1.314000 0.694400 0.310800 0.310800
2.087000 1.278000 0.662400 0.309200 0.309000
2.097000 1.248000 0.629800 0.308400 0.308200
2.107000 1.228000 0.612200 0.308000 0.308000
2.117000 1.220000 0.603000 0.309000 0.309000
2.127000 1.214000 0.598400 0.309400 0.309400
2.137000 1.214000 0.593800 0.309800 0.310000
2.147000 1.212000 0.589800 0.310600 0.310400
2.157000 1.206000 0.585400 0.311200 0.311000
2.167000 1.206000 0.581400 0.311600 0.311800
2.177000 1.204000 0.577600 0.312000 0.312200
2.187000 1.198000 0.573800 0.312600 0.312800
2.197000 1.198000 0.570000 0.313200 0.313000
2.207000 1.192000 0.567000 0.313800 0.313600
2.217000 1.236000 0.563200 0.337400 0.337200
2.227000 1.242000 0.561000 0.339400 0.339400
2.237000 1.242000 0.558600 0.341400 0.341600
2.247000 1.244000 0.557800 0.343600 0.343600
2.257000 1.250000 0.557200 0.345600 0.345200
2.267000 1.252000 0.557800 0.346800 0.347000
2.277000 1.252000 0.558600 0.348000 0.347600
2.287000 1.260000 0.560800 0.348600 0.348600
2.297000 1.260000 0.563600 0.349600 0.349200
2.307000 1.268000 0.566600 0.350200 0.350200
2.317000 1.274000 0.571000 0.350600 0.350600
2.327000 1.276000 0.576200 0.350600 0.350800
2.337000 1.282000 0.582200 0.350800 0.350600
2.347000 1.290000 0.588800 0.350400 0.350600
2.357000 1.296000 0.596200 0.350200 0.350200
2.367000 1.304000 0.604400 0.349800 0.349600
2.377000 1.310000 0.613200 0.349400 0.349000
2.387000 1.326000 0.623000 0.350400 0.350200
2.397000 1.342000 0.634800 0.353400 0.353400
2.407000 1.358000 0.648000 0.356200 0.356000
2.417000 1.380000 0.663200 0.358000 0.358200
2.427000 1.412000 0.680000 0.366000 0.365800
2.437000 1.442000 0.698800 0.371200 0.371600
2.447000 1.472000 0.723000 0.374400 0.374600
2.457000 1.856000 1.098800 0.377200 0.377200
2.467000 1.890000 1.124000 0.381400 0.381400
2.477000 1.916000 1.140600 0.387000 0.386800
2.487000 1.932000 1.148800 0.390800 0.390400
2.497000 1.896000 1.121000 0.388800 0.388800
2.507000 1.822000 1.049400 0.386200 0.386400
2.517000 1.748000 0.984200 0.383200 0.383200
2.527000 1.682000 0.919800 0.378800 0.379000
2.537000 1.622000 0.876400 0.374000 0.374200
2.547000 1.592000 0.856000 0.368200 0.368600
2.557000 1.628000 0.842200 0.391400 0.391600
2.567000 1.606000 0.828600 0.387200 0.387000
2.577000 1.582000 0.814400 0.383000 0.383200
2.587000 1.560000 0.800800 0.379600 0.379400
2.597000 1.546000 0.793600 0.376600 0.376600
2.607000 1.530000 0.780200 0.373800 0.374000
2.617000 1.514000 0.772400 0.371600 0.371400
2.627000 1.498000 0.758400 0.369600 0.369600
2.637000 1.478000 0.744200 0.368400 0.368400
2.647000 1.462000 0.729600 0.367800 0.367800
2.657000 1.462000 0.713000 0.373800 0.373800
2.667000 1.458000 0.702400 0.379400 0.379400
2.677000 1.462000 0.695400 0.384400 0.384200
2.687000 1.472000 0.692600 0.389200 0.389000
2.697000 1.482000 0.694000 0.393400 0.393200
2.707000 1.494000 0.698200 0.397000 0.397000
2.717000 1.506000 0.706800 0.400600 0.400600
2.727000 1.590000 0.726200 0.431600 0.431400
2.737000 1.644000 0.756800 0.443800 0.443800
2.747000 1.702000 0.792800 0.453600 0.453800
2.757000 1.762000 0.842800 0.462400 0.462200
2.767000 1.846000 0.903000 0.472400 0.472600
2.777000 2.344000 1.452000 0.447200 0.447200
2.787000 2.174000 1.322000 0.426400 0.426600
2.797000 2.010000 1.202000 0.403600 0.403800
2.807000 1.852000 1.094000 0.379000 0.379000
2.817000 1.706000 1.006000 0.352000 0.352000
2.827000 1.620000 0.928000 0.345000 0.345400
2.837000 1.542000 0.861600 0.339200 0.339200
2.847000 1.476000 0.810800 0.331600 0.332000
2.857000 1.424000 0.776000 0.323600 0.323600
2.867000 1.382000 0.751600 0.314200 0.314400
2.877000 1.358000 0.742200 0.306800 0.306600
2.887000 1.342000 0.733600 0.304200 0.304400
2.897000 1.326000 0.724000 0.302400 0.302200
2.907000 1.316000 0.713800 0.300200 0.300400
2.917000 1.232000 0.702000 0.263000 0.263200
2.927000 1.214000 0.690000 0.261200 0.261200
2.937000 1.198000 0.676600 0.259000 0.259400
2.947000 1.182000 0.668800 0.257400 0.257600
2.957000 1.180000 0.667400 0.255800 0.255800
2.967000 1.172000 0.664600 0.254000 0.254000
2.977000 1.170000 0.661000 0.255200 0.255200
2.987000 1.176000 0.656400 0.259600 0.259800
2.997000 1.178000 0.650600 0.264000 0.264200
3.007000 1.176000 0.643800 0.267200 0.267200
3.017000 1.178000 0.636400 0.271600 0.271400
3.027000 1.184000 0.628000 0.277400 0.277400
3.037000 1.194000 0.618200 0.286000 0.286000
3.047000 1.196000 0.608400 0.295600 0.295400
3.057000 1.196000 0.597000 0.299000 0.298800
3.067000 1.188000 0.591600 0.296600 0.296600
3.077000 1.188000 0.589200 0.298400 0.298400
3.087000 1.182000 0.586600 0.299200 0.299400
3.097000 1.182000 0.584000 0.300000 0.299800
3.107000 1.182000 0.580600 0.299800 0.300000
3.117000 1.174000 0.577000 0.299600 0.299600
3.127000 1.172000 0.573400 0.298600 0.298600
3.137000 1.170000 0.569000 0.299200 0.299400
3.147000 1.162000 0.565800 0.299800 0.299600
3.157000 1.194000 0.562800 0.314600 0.314800
3.167000 1.240000 0.561000 0.341400 0.341400
3.177000 1.222000 0.557200 0.332200 0.332000
3.187000 1.194000 0.553000 0.321800 0.321800
3.197000 1.176000 0.549600 0.313200 0.313400
3.207000 1.156000 0.547000 0.303200 0.303200
3.217000 1.130000 0.545200 0.293400 0.293600
3.227000 1.110000 0.543800 0.282600 0.282800
3.237000 1.088000 0.543400 0.271600 0.271400
3.247000 1.062000 0.543600 0.259600 0.259800
3.257000 1.042000 0.533200 0.253600 0.253800
3.267000 0.996600 0.514000 0.240800 0.240600
3.277000 1.041800 0.500600 0.269600 0.269600
3.287000 0.978200 0.482000 0.246600 0.246400
3.297000 0.909000 0.467400 0.221200 0.221200
3.307000 0.839200 0.453000 0.193800 0.194000
3.317000 0.769000 0.439400 0.165400 0.165400
3.327000 0.739800 0.426600 0.156600 0.156400
3.337000 0.730800 0.413800 0.158400 0.158400
3.347000 0.723600 0.401800 0.161000 0.160800
3.357000 0.717400 0.390000 0.163400 0.163600
3.367000 0.712000 0.379000 0.166600 0.166400
3.377000 0.707400 0.368000 0.169600 0.169600
3.387000 0.703600 0.357600 0.172800 0.172600
3.397000 0.700200 0.348200 0.176000 0.176200
3.407000 0.698200 0.338800 0.179600 0.179800
3.417000 0.697200 0.330000 0.183600 0.183800
3.427000 0.700600 0.321600 0.189400 0.189600
3.437000 0.704800 0.313000 0.195600 0.195600
3.447000 0.709000 0.305200 0.202200 0.201800
3.457000 0.719400 0.297400 0.211200 0.211200
3.467000 0.734600 0.289800 0.222400 0.222600
3.477000 0.761400 0.282000 0.239800 0.239600
3.487000 0.809200 0.275200 0.266600 0.266800
3.497000 0.859600 0.268400 0.294000 0.294400
3.507000 0.909000 0.263600 0.321400 0.321600
3.517000 0.958000 0.259600 0.349800 0.349800
3.527000 0.904000 0.260000 0.320800 0.320600
3.537000 0.850600 0.269000 0.290800 0.291000
3.547000 0.846600 0.283400 0.281000 0.281200
3.557000 0.856800 0.300600 0.277400 0.277000
3.567000 0.868000 0.320800 0.273200 0.273000
3.577000 0.878000 0.343200 0.268800 0.268600
3.587000 0.837600 0.311800 0.264000 0.264200
3.597000 0.831800 0.324600 0.254400 0.254600
3.607000 0.811800 0.336600 0.238800 0.238800
3.617000 0.791200 0.347800 0.222600 0.222600
3.627000 0.771000 0.358400 0.206200 0.206000
3.637000 0.709200 0.368800 0.170200 0.170200
3.647000 0.720000 0.378600 0.170600 0.170800
3.657000 0.715200 0.387600 0.164000 0.163800
3.667000 0.694600 0.396000 0.149200 0.149400
3.677000 0.659800 0.400400 0.129440 0.129800
3.687000 0.631000 0.401600 0.114880 0.115000
3.697000 0.600200 0.397600 0.101400 0.101400
3.707000 0.566000 0.389600 0.088140 0.088000
3.717000 0.528200 0.377600 0.075600 0.075440
3.727000 0.487400 0.361000 0.063280 0.063300
3.737000 0.443200 0.340200 0.051560 0.051580
3.747000 0.395600 0.315000 0.040360 0.040340
3.757000 0.356000 0.285200 0.035420 0.035400
3.767000 0.330800 0.264800 0.032860 0.032880
3.777000 0.321200 0.260200 0.030620 0.030620
3.787000 0.311600 0.254800 0.028580 0.028580
3.797000 0.303200 0.249400 0.026820 0.026780
3.807000 0.294800 0.244800 0.025220 0.025220
3.817000 0.287600 0.239400 0.023860 0.023900
3.827000 0.280400 0.234800 0.022780 0.022800
3.837000 0.273800 0.230000 0.021900 0.021880
3.847000 0.268400 0.224800 0.021800 0.021780
3.857000 0.264400 0.220200 0.021960 0.021960
3.867000 0.259600 0.215600 0.022160 0.022160
3.877000 0.255000 0.210200 0.022300 0.022280
3.887000 0.250400 0.205800 0.022420 0.022420
3.897000 0.246400 0.201200 0.022540 0.022520
3.907000 0.241800 0.196600 0.022600 0.022620
3.917000 0.237200 0.192000 0.022660 0.022680
3.927000 0.232800 0.187400 0.022740 0.022740
3.937000 0.228200 0.183000 0.022780 0.022760
3.947000 0.223600 0.178400 0.022760 0.022780
3.957000 0.219200 0.174000 0.022760 0.022780
3.967000 0.214600 0.169600 0.022740 0.022760
3.977000 0.210200 0.165000 0.022680 0.022680
3.987000 0.205800 0.160600 0.022620 0.022620
3.997000 0.201400 0.156200 0.022540 0.022540
4.007000 0.197000 0.151800 0.022440 0.022440
4.017000 0.258800 0.160800 0.049020 0.049000
4.027000 0.259000 0.170000 0.044420 0.044420
4.037000 0.256200 0.176000 0.040000 0.040000
4.047000 0.250000 0.178000 0.035780 0.035780
4.057000 0.240200 0.176800 0.031680 0.031700
4.067000 0.227400 0.171800 0.027800 0.027780
4.077000 0.211800 0.163400 0.024040 0.024060
4.087000 0.192200 0.151200 0.020470 0.020470
4.097000 0.170000 0.136000 0.017068 0.017088
4.107000 0.144600 0.116600 0.013848 0.013834
4.117000 0.115400 0.094000 0.010786 0.010804
4.127000 0.083400 0.067800 0.007878 0.007898
4.137000 0.048440 0.038060 0.005167 0.005171
4.147000 0.009952 0.004724 0.002623 0.002626
4.157000 0.000322 0.000000 0.000161 0.000161
4.167000 0.000000 0.000000 0.000000 0.000000
