#  E (eV)   dos(E)     Int dos(E) EFermi =   -0.483 eV
 -16.193  0.0000E+00  0.0000E+00
 -16.183  0.1930E+01  0.9649E-02
 -16.173  0.1441E+01  0.2707E-01
 -16.163  0.1603E+01  0.4229E-01
 -16.153  0.1766E+01  0.5913E-01
 -16.143  0.1622E+01  0.7630E-01
 -16.133  0.1546E+01  0.9182E-01
 -16.123  0.1605E+01  0.1076E+00
 -16.113  0.1663E+01  0.1239E+00
 -16.103  0.1721E+01  0.1408E+00
 -16.093  0.1625E+01  0.1578E+00
 -16.083  0.1615E+01  0.1740E+00
 -16.073  0.1606E+01  0.1901E+00
 -16.063  0.1622E+01  0.2062E+00
 -16.053  0.1653E+01  0.2226E+00
 -16.043  0.1684E+01  0.2393E+00
 -16.033  0.1714E+01  0.2563E+00
 -16.023  0.1688E+01  0.2734E+00
 -16.013  0.1636E+01  0.2899E+00
 -16.003  0.1644E+01  0.3063E+00
 -15.993  0.1652E+01  0.3228E+00
 -15.983  0.1660E+01  0.3394E+00
 -15.973  0.1671E+01  0.3560E+00
 -15.963  0.1691E+01  0.3728E+00
 -15.953  0.1711E+01  0.3898E+00
 -15.943  0.1731E+01  0.4071E+00
 -15.933  0.1703E+01  0.4244E+00
 -15.923  0.1693E+01  0.4414E+00
 -15.913  0.1684E+01  0.4582E+00
 -15.903  0.1687E+01  0.4751E+00
 -15.893  0.1698E+01  0.4920E+00
 -15.883  0.1708E+01  0.5090E+00
 -15.873  0.1719E+01  0.5262E+00
 -15.863  0.1730E+01  0.5434E+00
 -15.853  0.1743E+01  0.5608E+00
 -15.843  0.1758E+01  0.5783E+00
 -15.833  0.1774E+01  0.5959E+00
 -15.823  0.1759E+01  0.6136E+00
 -15.813  0.1746E+01  0.6311E+00
 -15.803  0.1750E+01  0.6486E+00
 -15.793  0.1754E+01  0.6661E+00
 -15.783  0.1758E+01  0.6837E+00
 -15.773  0.1769E+01  0.7013E+00
 -15.763  0.1781E+01  0.7191E+00
 -15.753  0.1793E+01  0.7370E+00
 -15.743  0.1806E+01  0.7550E+00
 -15.733  0.1818E+01  0.7731E+00
 -15.723  0.1830E+01  0.7913E+00
 -15.713  0.1845E+01  0.8097E+00
 -15.703  0.1860E+01  0.8282E+00
 -15.693  0.1845E+01  0.8467E+00
 -15.683  0.1846E+01  0.8651E+00
 -15.673  0.1855E+01  0.8836E+00
 -15.663  0.1867E+01  0.9022E+00
 -15.653  0.1880E+01  0.9210E+00
 -15.643  0.1892E+01  0.9398E+00
 -15.633  0.1906E+01  0.9588E+00
 -15.623  0.1924E+01  0.9779E+00
 -15.613  0.1943E+01  0.9973E+00
 -15.603  0.1961E+01  0.1017E+01
 -15.593  0.1980E+01  0.1037E+01
 -15.583  0.1998E+01  0.1056E+01
 -15.573  0.2017E+01  0.1076E+01
 -15.563  0.2031E+01  0.1097E+01
 -15.553  0.2044E+01  0.1117E+01
 -15.543  0.2066E+01  0.1138E+01
 -15.533  0.2089E+01  0.1158E+01
 -15.523  0.2122E+01  0.1179E+01
 -15.513  0.2157E+01  0.1201E+01
 -15.503  0.2192E+01  0.1223E+01
 -15.493  0.2227E+01  0.1245E+01
 -15.483  0.2282E+01  0.1267E+01
 -15.473  0.2344E+01  0.1290E+01
 -15.463  0.2405E+01  0.1314E+01
 -15.453  0.2467E+01  0.1338E+01
 -15.443  0.2528E+01  0.1363E+01
 -15.433  0.2630E+01  0.1389E+01
 -15.423  0.2760E+01  0.1416E+01
 -15.413  0.2892E+01  0.1444E+01
 -15.403  0.3076E+01  0.1474E+01
 -15.393  0.3379E+01  0.1506E+01
 -15.383  0.1156E+02  0.1543E+01
 -15.373  0.3136E+01  0.1597E+01
 -15.363  0.2844E+01  0.1627E+01
 -15.353  0.2551E+01  0.1654E+01
 -15.343  0.2259E+01  0.1678E+01
 -15.333  0.1967E+01  0.1699E+01
 -15.323  0.1965E+01  0.1719E+01
 -15.313  0.1992E+01  0.1738E+01
 -15.303  0.2018E+01  0.1758E+01
 -15.293  0.1456E+01  0.1778E+01
 -15.283  0.1495E+01  0.1793E+01
 -15.273  0.1534E+01  0.1808E+01
 -15.263  0.1478E+01  0.1823E+01
 -15.253  0.1390E+01  0.1838E+01
 -15.243  0.1302E+01  0.1851E+01
 -15.233  0.1214E+01  0.1864E+01
 -15.223  0.1126E+01  0.1875E+01
 -15.213  0.1038E+01  0.1886E+01
 -15.203  0.9502E+00  0.1896E+01
 -15.193  0.8787E+00  0.1905E+01
 -15.183  0.8640E+00  0.1914E+01
 -15.173  0.8494E+00  0.1923E+01
 -15.163  0.8348E+00  0.1931E+01
 -15.153  0.8201E+00  0.1939E+01
 -15.143  0.8055E+00  0.1947E+01
 -15.133  0.7909E+00  0.1955E+01
 -15.123  0.4784E+00  0.1963E+01
 -15.113  0.4474E+00  0.1968E+01
 -15.103  0.4164E+00  0.1972E+01
 -15.093  0.3854E+00  0.1976E+01
 -15.083  0.3544E+00  0.1980E+01
 -15.073  0.3233E+00  0.1983E+01
 -15.063  0.2923E+00  0.1986E+01
 -15.053  0.2613E+00  0.1989E+01
 -15.043  0.2303E+00  0.1991E+01
 -15.033  0.1993E+00  0.1994E+01
 -15.023  0.1683E+00  0.1995E+01
 -15.013  0.1373E+00  0.1997E+01
 -15.003  0.1063E+00  0.1998E+01
 -14.993  0.7526E-01  0.1999E+01
 -14.983  0.4425E-01  0.2000E+01
 -14.973  0.1324E-01  0.2000E+01
 -14.963  0.1713E-01  0.2000E+01
 -14.953  0.4733E-01  0.2000E+01
 -14.943  0.7752E-01  0.2001E+01
 -14.933  0.1077E+00  0.2002E+01
 -14.923  0.1379E+00  0.2003E+01
 -14.913  0.1681E+00  0.2005E+01
 -14.903  0.1983E+00  0.2007E+01
 -14.893  0.2285E+00  0.2009E+01
 -14.883  0.2587E+00  0.2011E+01
 -14.873  0.2889E+00  0.2014E+01
 -14.863  0.3191E+00  0.2017E+01
 -14.853  0.3493E+00  0.2020E+01
 -14.843  0.3795E+00  0.2024E+01
 -14.833  0.4097E+00  0.2028E+01
 -14.823  0.4398E+00  0.2032E+01
 -14.813  0.4700E+00  0.2037E+01
 -14.803  0.7968E+00  0.2044E+01
 -14.793  0.7995E+00  0.2052E+01
 -14.783  0.8021E+00  0.2060E+01
 -14.773  0.8047E+00  0.2068E+01
 -14.763  0.8073E+00  0.2076E+01
 -14.753  0.8099E+00  0.2084E+01
 -14.743  0.8374E+00  0.2093E+01
 -14.733  0.9309E+00  0.2101E+01
 -14.723  0.1024E+01  0.2111E+01
 -14.713  0.1118E+01  0.2122E+01
 -14.703  0.1212E+01  0.2134E+01
 -14.693  0.1305E+01  0.2146E+01
 -14.683  0.1399E+01  0.2160E+01
 -14.673  0.1492E+01  0.2174E+01
 -14.663  0.1586E+01  0.2189E+01
 -14.653  0.1322E+01  0.2205E+01
 -14.643  0.2201E+01  0.2229E+01
 -14.633  0.1714E+01  0.2249E+01
 -14.623  0.1926E+01  0.2266E+01
 -14.613  0.2241E+01  0.2287E+01
 -14.603  0.2556E+01  0.2311E+01
 -14.593  0.4651E+01  0.2345E+01
 -14.583  0.3100E+01  0.2394E+01
 -14.573  0.2889E+01  0.2424E+01
 -14.563  0.2678E+01  0.2451E+01
 -14.553  0.2467E+01  0.2477E+01
 -14.543  0.2298E+01  0.2501E+01
 -14.533  0.2188E+01  0.2523E+01
 -14.523  0.2079E+01  0.2545E+01
 -14.513  0.1986E+01  0.2565E+01
 -14.503  0.1919E+01  0.2584E+01
 -14.493  0.1861E+01  0.2603E+01
 -14.483  0.1804E+01  0.2622E+01
 -14.473  0.1747E+01  0.2639E+01
 -14.463  0.1682E+01  0.2656E+01
 -14.453  0.1648E+01  0.2673E+01
 -14.443  0.1614E+01  0.2689E+01
 -14.433  0.1580E+01  0.2705E+01
 -14.423  0.1559E+01  0.2721E+01
 -14.413  0.1537E+01  0.2737E+01
 -14.403  0.1516E+01  0.2752E+01
 -14.393  0.1495E+01  0.2767E+01
 -14.383  0.1474E+01  0.2782E+01
 -14.373  0.1453E+01  0.2796E+01
 -14.363  0.1432E+01  0.2811E+01
 -14.353  0.1411E+01  0.2825E+01
 -14.343  0.1390E+01  0.2839E+01
 -14.333  0.1370E+01  0.2853E+01
 -14.323  0.1350E+01  0.2866E+01
 -14.313  0.1331E+01  0.2880E+01
 -14.303  0.1312E+01  0.2893E+01
 -14.293  0.1294E+01  0.2906E+01
 -14.283  0.1275E+01  0.2919E+01
 -14.273  0.1245E+01  0.2932E+01
 -14.263  0.1215E+01  0.2944E+01
 -14.253  0.1196E+01  0.2956E+01
 -14.243  0.1186E+01  0.2968E+01
 -14.233  0.1177E+01  0.2980E+01
 -14.223  0.1167E+01  0.2991E+01
 -14.213  0.1157E+01  0.3003E+01
 -14.203  0.1147E+01  0.3014E+01
 -14.193  0.1138E+01  0.3026E+01
 -14.183  0.1128E+01  0.3037E+01
 -14.173  0.1118E+01  0.3048E+01
 -14.163  0.1109E+01  0.3060E+01
 -14.153  0.1099E+01  0.3071E+01
 -14.143  0.1089E+01  0.3082E+01
 -14.133  0.1079E+01  0.3092E+01
 -14.123  0.1070E+01  0.3103E+01
 -14.113  0.1060E+01  0.3114E+01
 -14.103  0.1050E+01  0.3124E+01
 -14.093  0.1039E+01  0.3135E+01
 -14.083  0.1026E+01  0.3145E+01
 -14.073  0.1013E+01  0.3155E+01
 -14.063  0.1000E+01  0.3165E+01
 -14.053  0.9875E+00  0.3175E+01
 -14.043  0.9744E+00  0.3185E+01
 -14.033  0.9428E+00  0.3195E+01
 -14.023  0.9369E+00  0.3204E+01
 -14.013  0.9311E+00  0.3213E+01
 -14.003  0.9252E+00  0.3223E+01
 -13.993  0.9193E+00  0.3232E+01
 -13.983  0.9135E+00  0.3241E+01
 -13.973  0.9076E+00  0.3250E+01
 -13.963  0.9017E+00  0.3259E+01
 -13.953  0.8959E+00  0.3268E+01
 -13.943  0.8900E+00  0.3277E+01
 -13.933  0.8841E+00  0.3286E+01
 -13.923  0.8783E+00  0.3295E+01
 -13.913  0.8715E+00  0.3304E+01
 -13.903  0.8641E+00  0.3312E+01
 -13.893  0.8567E+00  0.3321E+01
 -13.883  0.8493E+00  0.3329E+01
 -13.873  0.8419E+00  0.3338E+01
 -13.863  0.8345E+00  0.3346E+01
 -13.853  0.8270E+00  0.3355E+01
 -13.843  0.8196E+00  0.3363E+01
 -13.833  0.8122E+00  0.3371E+01
 -13.823  0.8048E+00  0.3379E+01
 -13.813  0.7907E+00  0.3387E+01
 -13.803  0.7759E+00  0.3395E+01
 -13.793  0.7610E+00  0.3403E+01
 -13.783  0.7483E+00  0.3410E+01
 -13.773  0.7443E+00  0.3418E+01
 -13.763  0.7402E+00  0.3425E+01
 -13.753  0.7362E+00  0.3432E+01
 -13.743  0.7315E+00  0.3440E+01
 -13.733  0.7268E+00  0.3447E+01
 -13.723  0.7221E+00  0.3454E+01
 -13.713  0.7174E+00  0.3461E+01
 -13.703  0.7127E+00  0.3469E+01
 -13.693  0.7080E+00  0.3476E+01
 -13.683  0.7033E+00  0.3483E+01
 -13.673  0.6986E+00  0.3490E+01
 -13.663  0.6939E+00  0.3497E+01
 -13.653  0.6892E+00  0.3504E+01
 -13.643  0.6845E+00  0.3510E+01
 -13.633  0.6798E+00  0.3517E+01
 -13.623  0.6751E+00  0.3524E+01
 -13.613  0.6696E+00  0.3531E+01
 -13.603  0.6624E+00  0.3537E+01
 -13.593  0.6551E+00  0.3544E+01
 -13.583  0.6478E+00  0.3551E+01
 -13.573  0.6405E+00  0.3557E+01
 -13.563  0.6333E+00  0.3563E+01
 -13.553  0.6260E+00  0.3570E+01
 -13.543  0.6187E+00  0.3576E+01
 -13.533  0.5927E+00  0.3582E+01
 -13.523  0.5893E+00  0.3588E+01
 -13.513  0.5859E+00  0.3594E+01
 -13.503  0.5826E+00  0.3600E+01
 -13.493  0.5792E+00  0.3605E+01
 -13.483  0.5758E+00  0.3611E+01
 -13.473  0.5725E+00  0.3617E+01
 -13.463  0.5691E+00  0.3623E+01
 -13.453  0.5657E+00  0.3628E+01
 -13.443  0.5624E+00  0.3634E+01
 -13.433  0.5589E+00  0.3640E+01
 -13.423  0.5546E+00  0.3645E+01
 -13.413  0.5503E+00  0.3651E+01
 -13.403  0.5460E+00  0.3656E+01
 -13.393  0.5416E+00  0.3662E+01
 -13.383  0.5373E+00  0.3667E+01
 -13.373  0.5330E+00  0.3672E+01
 -13.363  0.5287E+00  0.3678E+01
 -13.353  0.5243E+00  0.3683E+01
 -13.343  0.5200E+00  0.3688E+01
 -13.333  0.5157E+00  0.3693E+01
 -13.323  0.5114E+00  0.3698E+01
 -13.313  0.5070E+00  0.3704E+01
 -13.303  0.5027E+00  0.3709E+01
 -13.293  0.4960E+00  0.3714E+01
 -13.283  0.4864E+00  0.3719E+01
 -13.273  0.4769E+00  0.3723E+01
 -13.263  0.4673E+00  0.3728E+01
 -13.253  0.4578E+00  0.3733E+01
 -13.243  0.4495E+00  0.3737E+01
 -13.233  0.4465E+00  0.3742E+01
 -13.223  0.4435E+00  0.3746E+01
 -13.213  0.4405E+00  0.3751E+01
 -13.203  0.4375E+00  0.3755E+01
 -13.193  0.4345E+00  0.3759E+01
 -13.183  0.4315E+00  0.3764E+01
 -13.173  0.4285E+00  0.3768E+01
 -13.163  0.4255E+00  0.3772E+01
 -13.153  0.4225E+00  0.3776E+01
 -13.143  0.4195E+00  0.3781E+01
 -13.133  0.4165E+00  0.3785E+01
 -13.123  0.4135E+00  0.3789E+01
 -13.113  0.4105E+00  0.3793E+01
 -13.103  0.4075E+00  0.3797E+01
 -13.093  0.4038E+00  0.3801E+01
 -13.083  0.3993E+00  0.3805E+01
 -13.073  0.3948E+00  0.3809E+01
 -13.063  0.3903E+00  0.3813E+01
 -13.053  0.3858E+00  0.3817E+01
 -13.043  0.3812E+00  0.3821E+01
 -13.033  0.3767E+00  0.3825E+01
 -13.023  0.3722E+00  0.3828E+01
 -13.013  0.3677E+00  0.3832E+01
 -13.003  0.3632E+00  0.3836E+01
 -12.993  0.3587E+00  0.3839E+01
 -12.983  0.3541E+00  0.3843E+01
 -12.973  0.3496E+00  0.3846E+01
 -12.963  0.3277E+00  0.3850E+01
 -12.953  0.3249E+00  0.3853E+01
 -12.943  0.3221E+00  0.3856E+01
 -12.933  0.3354E+00  0.3859E+01
 -12.923  0.1060E+01  0.3866E+01
 -12.913  0.1785E+01  0.3881E+01
 -12.903  0.2511E+01  0.3902E+01
 -12.893  0.1581E+01  0.3919E+01
 -12.883  0.1638E+01  0.3936E+01
 -12.873  0.1695E+01  0.3952E+01
 -12.863  0.1752E+01  0.3969E+01
 -12.853  0.1809E+01  0.3987E+01
 -12.843  0.1863E+01  0.4006E+01
 -12.833  0.1916E+01  0.4024E+01
 -12.823  0.1872E+01  0.4044E+01
 -12.813  0.1798E+01  0.4062E+01
 -12.803  0.1783E+01  0.4080E+01
 -12.793  0.1802E+01  0.4098E+01
 -12.783  0.1822E+01  0.4116E+01
 -12.773  0.1841E+01  0.4134E+01
 -12.763  0.1860E+01  0.4153E+01
 -12.753  0.1879E+01  0.4171E+01
 -12.743  0.1902E+01  0.4190E+01
 -12.733  0.1928E+01  0.4209E+01
 -12.723  0.1955E+01  0.4229E+01
 -12.713  0.1982E+01  0.4248E+01
 -12.703  0.2009E+01  0.4268E+01
 -12.693  0.1975E+01  0.4288E+01
 -12.683  0.1976E+01  0.4308E+01
 -12.673  0.1978E+01  0.4328E+01
 -12.663  0.1985E+01  0.4347E+01
 -12.653  0.1996E+01  0.4367E+01
 -12.643  0.2012E+01  0.4387E+01
 -12.633  0.2041E+01  0.4408E+01
 -12.623  0.2070E+01  0.4428E+01
 -12.613  0.2098E+01  0.4449E+01
 -12.603  0.2126E+01  0.4470E+01
 -12.593  0.2148E+01  0.4492E+01
 -12.583  0.2170E+01  0.4513E+01
 -12.573  0.2193E+01  0.4535E+01
 -12.563  0.2215E+01  0.4557E+01
 -12.553  0.2237E+01  0.4579E+01
 -12.543  0.2303E+01  0.4602E+01
 -12.533  0.2352E+01  0.4625E+01
 -12.523  0.2390E+01  0.4649E+01
 -12.513  0.2427E+01  0.4673E+01
 -12.503  0.2520E+01  0.4698E+01
 -12.493  0.2561E+01  0.4723E+01
 -12.483  0.2602E+01  0.4749E+01
 -12.473  0.2644E+01  0.4775E+01
 -12.463  0.2685E+01  0.4802E+01
 -12.453  0.2726E+01  0.4829E+01
 -12.443  0.2767E+01  0.4857E+01
 -12.433  0.2801E+01  0.4884E+01
 -12.423  0.2834E+01  0.4913E+01
 -12.413  0.2867E+01  0.4941E+01
 -12.403  0.3429E+01  0.4972E+01
 -12.393  0.3832E+01  0.5008E+01
 -12.383  0.4173E+01  0.5048E+01
 -12.373  0.4430E+01  0.5091E+01
 -12.363  0.4680E+01  0.5137E+01
 -12.353  0.4912E+01  0.5185E+01
 -12.343  0.4468E+01  0.5234E+01
 -12.333  0.3809E+01  0.5274E+01
 -12.323  0.3500E+01  0.5310E+01
 -12.313  0.3226E+01  0.5344E+01
 -12.303  0.3089E+01  0.5376E+01
 -12.293  0.2935E+01  0.5406E+01
 -12.283  0.2774E+01  0.5434E+01
 -12.273  0.2726E+01  0.5461E+01
 -12.263  0.2654E+01  0.5488E+01
 -12.253  0.2582E+01  0.5514E+01
 -12.243  0.2510E+01  0.5540E+01
 -12.233  0.2448E+01  0.5565E+01
 -12.223  0.2389E+01  0.5589E+01
 -12.213  0.2289E+01  0.5612E+01
 -12.203  0.2188E+01  0.5635E+01
 -12.193  0.2087E+01  0.5656E+01
 -12.183  0.1987E+01  0.5676E+01
 -12.173  0.2025E+01  0.5696E+01
 -12.163  0.2217E+01  0.5717E+01
 -12.153  0.2112E+01  0.5739E+01
 -12.143  0.2006E+01  0.5760E+01
 -12.133  0.1901E+01  0.5779E+01
 -12.123  0.1796E+01  0.5798E+01
 -12.113  0.1690E+01  0.5815E+01
 -12.103  0.1739E+01  0.5832E+01
 -12.093  0.1986E+01  0.5851E+01
 -12.083  0.1852E+01  0.5870E+01
 -12.073  0.1722E+01  0.5888E+01
 -12.063  0.1593E+01  0.5905E+01
 -12.053  0.1485E+01  0.5920E+01
 -12.043  0.1920E+01  0.5938E+01
 -12.033  0.1681E+01  0.5956E+01
 -12.023  0.1443E+01  0.5971E+01
 -12.013  0.2199E+01  0.5988E+01
 -12.003  0.2109E+00  0.6000E+01
 -11.993  0.3492E-02  0.6000E+01
 -11.983  0.7417E-02  0.6000E+01
 -11.973  0.1134E-01  0.6000E+01
 -11.963  0.1527E-01  0.6000E+01
 -11.953  0.1919E-01  0.6000E+01
 -11.943  0.2311E-01  0.6001E+01
 -11.933  0.2704E-01  0.6001E+01
 -11.923  0.3096E-01  0.6001E+01
 -11.913  0.3489E-01  0.6002E+01
 -11.903  0.3881E-01  0.6002E+01
 -11.893  0.4274E-01  0.6002E+01
 -11.883  0.4666E-01  0.6003E+01
 -11.873  0.5058E-01  0.6003E+01
 -11.863  0.5451E-01  0.6004E+01
 -11.853  0.5843E-01  0.6004E+01
 -11.843  0.6236E-01  0.6005E+01
 -11.833  0.6628E-01  0.6006E+01
 -11.823  0.7021E-01  0.6006E+01
 -11.813  0.7413E-01  0.6007E+01
 -11.803  0.7805E-01  0.6008E+01
 -11.793  0.8198E-01  0.6009E+01
 -11.783  0.8590E-01  0.6009E+01
 -11.773  0.8983E-01  0.6010E+01
 -11.763  0.9375E-01  0.6011E+01
 -11.753  0.9768E-01  0.6012E+01
 -11.743  0.1016E+00  0.6013E+01
 -11.733  0.1055E+00  0.6014E+01
 -11.723  0.1094E+00  0.6015E+01
 -11.713  0.1134E+00  0.6016E+01
 -11.703  0.1173E+00  0.6018E+01
 -11.693  0.1549E+00  0.6019E+01
 -11.683  0.1582E+00  0.6020E+01
 -11.673  0.1615E+00  0.6022E+01
 -11.663  0.1648E+00  0.6024E+01
 -11.653  0.1681E+00  0.6025E+01
 -11.643  0.1714E+00  0.6027E+01
 -11.633  0.1747E+00  0.6029E+01
 -11.623  0.1780E+00  0.6030E+01
 -11.613  0.1813E+00  0.6032E+01
 -11.603  0.1846E+00  0.6034E+01
 -11.593  0.1879E+00  0.6036E+01
 -11.583  0.1912E+00  0.6038E+01
 -11.573  0.1945E+00  0.6040E+01
 -11.563  0.1977E+00  0.6042E+01
 -11.553  0.2010E+00  0.6044E+01
 -11.543  0.2043E+00  0.6046E+01
 -11.533  0.2076E+00  0.6048E+01
 -11.523  0.2109E+00  0.6050E+01
 -11.513  0.2142E+00  0.6052E+01
 -11.503  0.2175E+00  0.6054E+01
 -11.493  0.2208E+00  0.6056E+01
 -11.483  0.2241E+00  0.6059E+01
 -11.473  0.2274E+00  0.6061E+01
 -11.463  0.2307E+00  0.6063E+01
 -11.453  0.2352E+00  0.6065E+01
 -11.443  0.2454E+00  0.6068E+01
 -11.433  0.2556E+00  0.6070E+01
 -11.423  0.2658E+00  0.6073E+01
 -11.413  0.2760E+00  0.6076E+01
 -11.403  0.2862E+00  0.6078E+01
 -11.393  0.2964E+00  0.6081E+01
 -11.383  0.3065E+00  0.6084E+01
 -11.373  0.3148E+00  0.6088E+01
 -11.363  0.3206E+00  0.6091E+01
 -11.353  0.3264E+00  0.6094E+01
 -11.343  0.3321E+00  0.6097E+01
 -11.333  0.3379E+00  0.6101E+01
 -11.323  0.3437E+00  0.6104E+01
 -11.313  0.3495E+00  0.6107E+01
 -11.303  0.3552E+00  0.6111E+01
 -11.293  0.3610E+00  0.6115E+01
 -11.283  0.3668E+00  0.6118E+01
 -11.273  0.3725E+00  0.6122E+01
 -11.263  0.3783E+00  0.6126E+01
 -11.253  0.3841E+00  0.6129E+01
 -11.243  0.3898E+00  0.6133E+01
 -11.233  0.3956E+00  0.6137E+01
 -11.223  0.4014E+00  0.6141E+01
 -11.213  0.4071E+00  0.6145E+01
 -11.203  0.4129E+00  0.6149E+01
 -11.193  0.4187E+00  0.6154E+01
 -11.183  0.4478E+00  0.6158E+01
 -11.173  0.4650E+00  0.6162E+01
 -11.163  0.4822E+00  0.6167E+01
 -11.153  0.4994E+00  0.6172E+01
 -11.143  0.5166E+00  0.6177E+01
 -11.133  0.5338E+00  0.6182E+01
 -11.123  0.5510E+00  0.6188E+01
 -11.113  0.5683E+00  0.6193E+01
 -11.103  0.5857E+00  0.6199E+01
 -11.093  0.6031E+00  0.6205E+01
 -11.083  0.6205E+00  0.6211E+01
 -11.073  0.6378E+00  0.6217E+01
 -11.063  0.6552E+00  0.6224E+01
 -11.053  0.6726E+00  0.6231E+01
 -11.043  0.6900E+00  0.6237E+01
 -11.033  0.7074E+00  0.6244E+01
 -11.023  0.7247E+00  0.6252E+01
 -11.013  0.1098E+01  0.6260E+01
 -11.003  0.1687E+01  0.6274E+01
 -10.993  0.1993E+01  0.6293E+01
 -10.983  0.2298E+01  0.6314E+01
 -10.973  0.2564E+01  0.6338E+01
 -10.963  0.3075E+01  0.6367E+01
 -10.953  0.3446E+01  0.6399E+01
 -10.943  0.3836E+01  0.6435E+01
 -10.933  0.4402E+01  0.6477E+01
 -10.923  0.4834E+01  0.6523E+01
 -10.913  0.4364E+01  0.6569E+01
 -10.903  0.4050E+01  0.6611E+01
 -10.893  0.3827E+01  0.6651E+01
 -10.883  0.3608E+01  0.6688E+01
 -10.873  0.3389E+01  0.6723E+01
 -10.863  0.3114E+01  0.6755E+01
 -10.853  0.2431E+01  0.6783E+01
 -10.843  0.2089E+01  0.6805E+01
 -10.833  0.2074E+01  0.6826E+01
 -10.823  0.2058E+01  0.6846E+01
 -10.813  0.2043E+01  0.6867E+01
 -10.803  0.2028E+01  0.6887E+01
 -10.793  0.2013E+01  0.6907E+01
 -10.783  0.1997E+01  0.6927E+01
 -10.773  0.1982E+01  0.6947E+01
 -10.763  0.1967E+01  0.6967E+01
 -10.753  0.1932E+01  0.6987E+01
 -10.743  0.1913E+01  0.7006E+01
 -10.733  0.1895E+01  0.7025E+01
 -10.723  0.1877E+01  0.7044E+01
 -10.713  0.1858E+01  0.7062E+01
 -10.703  0.1840E+01  0.7081E+01
 -10.693  0.1822E+01  0.7099E+01
 -10.683  0.1803E+01  0.7117E+01
 -10.673  0.1704E+01  0.7135E+01
 -10.663  0.1644E+01  0.7151E+01
 -10.653  0.1565E+01  0.7168E+01
 -10.643  0.1451E+01  0.7183E+01
 -10.633  0.1417E+01  0.7197E+01
 -10.623  0.1399E+01  0.7211E+01
 -10.613  0.1381E+01  0.7225E+01
 -10.603  0.1364E+01  0.7239E+01
 -10.593  0.1346E+01  0.7252E+01
 -10.583  0.1328E+01  0.7266E+01
 -10.573  0.1310E+01  0.7279E+01
 -10.563  0.1292E+01  0.7292E+01
 -10.553  0.1275E+01  0.7305E+01
 -10.543  0.1257E+01  0.7317E+01
 -10.533  0.1243E+01  0.7330E+01
 -10.523  0.1236E+01  0.7342E+01
 -10.513  0.1229E+01  0.7354E+01
 -10.503  0.1222E+01  0.7367E+01
 -10.493  0.1215E+01  0.7379E+01
 -10.483  0.1208E+01  0.7391E+01
 -10.473  0.1201E+01  0.7403E+01
 -10.463  0.1194E+01  0.7415E+01
 -10.453  0.1187E+01  0.7427E+01
 -10.443  0.1180E+01  0.7439E+01
 -10.433  0.1173E+01  0.7451E+01
 -10.423  0.1166E+01  0.7462E+01
 -10.413  0.1159E+01  0.7474E+01
 -10.403  0.1152E+01  0.7485E+01
 -10.393  0.1043E+01  0.7496E+01
 -10.383  0.1045E+01  0.7507E+01
 -10.373  0.1048E+01  0.7517E+01
 -10.363  0.1036E+01  0.7528E+01
 -10.353  0.1013E+01  0.7538E+01
 -10.343  0.9982E+00  0.7548E+01
 -10.333  0.9832E+00  0.7558E+01
 -10.323  0.9683E+00  0.7568E+01
 -10.313  0.9533E+00  0.7577E+01
 -10.303  0.9384E+00  0.7587E+01
 -10.293  0.9234E+00  0.7596E+01
 -10.283  0.9085E+00  0.7605E+01
 -10.273  0.8935E+00  0.7614E+01
 -10.263  0.8786E+00  0.7623E+01
 -10.253  0.8636E+00  0.7632E+01
 -10.243  0.8487E+00  0.7640E+01
 -10.233  0.8337E+00  0.7649E+01
 -10.223  0.8188E+00  0.7657E+01
 -10.213  0.8038E+00  0.7665E+01
 -10.203  0.7889E+00  0.7673E+01
 -10.193  0.7739E+00  0.7681E+01
 -10.183  0.7590E+00  0.7689E+01
 -10.173  0.7440E+00  0.7696E+01
 -10.163  0.7365E+00  0.7703E+01
 -10.153  0.7397E+00  0.7711E+01
 -10.143  0.7428E+00  0.7718E+01
 -10.133  0.7460E+00  0.7726E+01
 -10.123  0.7492E+00  0.7733E+01
 -10.113  0.7524E+00  0.7741E+01
 -10.103  0.7555E+00  0.7748E+01
 -10.093  0.7587E+00  0.7756E+01
 -10.083  0.7619E+00  0.7763E+01
 -10.073  0.7651E+00  0.7771E+01
 -10.063  0.7682E+00  0.7779E+01
 -10.053  0.7714E+00  0.7786E+01
 -10.043  0.6125E+00  0.7792E+01
 -10.033  0.6298E+00  0.7799E+01
 -10.023  0.6470E+00  0.7805E+01
 -10.013  0.6422E+00  0.7811E+01
 -10.003  0.6296E+00  0.7818E+01
  -9.993  0.6171E+00  0.7824E+01
  -9.983  0.6045E+00  0.7830E+01
  -9.973  0.5919E+00  0.7836E+01
  -9.963  0.5794E+00  0.7842E+01
  -9.953  0.5668E+00  0.7848E+01
  -9.943  0.5542E+00  0.7853E+01
  -9.933  0.5417E+00  0.7859E+01
  -9.923  0.5291E+00  0.7864E+01
  -9.913  0.5166E+00  0.7869E+01
  -9.903  0.5040E+00  0.7875E+01
  -9.893  0.5275E+00  0.7880E+01
  -9.883  0.1975E+01  0.7892E+01
  -9.873  0.3423E+01  0.7919E+01
  -9.863  0.4871E+01  0.7960E+01
  -9.853  0.6895E+01  0.8020E+01
  -9.843  0.7511E+01  0.8092E+01
  -9.833  0.5471E+01  0.8164E+01
  -9.823  0.3829E+01  0.8207E+01
  -9.813  0.3591E+01  0.8244E+01
  -9.803  0.3403E+01  0.8279E+01
  -9.793  0.3235E+01  0.8312E+01
  -9.783  0.3689E+01  0.8344E+01
  -9.773  0.2997E+01  0.8378E+01
  -9.763  0.2304E+01  0.8404E+01
  -9.753  0.2340E+01  0.8426E+01
  -9.743  0.2629E+01  0.8451E+01
  -9.733  0.2915E+01  0.8479E+01
  -9.723  0.2641E+01  0.8509E+01
  -9.713  0.2662E+01  0.8535E+01
  -9.703  0.3017E+01  0.8562E+01
  -9.693  0.2386E+01  0.8589E+01
  -9.683  0.2283E+01  0.8612E+01
  -9.673  0.2244E+01  0.8635E+01
  -9.663  0.2205E+01  0.8657E+01
  -9.653  0.2166E+01  0.8679E+01
  -9.643  0.2078E+01  0.8700E+01
  -9.633  0.2035E+01  0.8721E+01
  -9.623  0.1994E+01  0.8741E+01
  -9.613  0.1987E+01  0.8761E+01
  -9.603  0.2000E+01  0.8780E+01
  -9.593  0.2014E+01  0.8801E+01
  -9.583  0.2027E+01  0.8821E+01
  -9.573  0.2040E+01  0.8841E+01
  -9.563  0.2054E+01  0.8862E+01
  -9.553  0.2067E+01  0.8882E+01
  -9.543  0.2081E+01  0.8903E+01
  -9.533  0.2094E+01  0.8924E+01
  -9.523  0.2108E+01  0.8945E+01
  -9.513  0.2121E+01  0.8966E+01
  -9.503  0.2065E+01  0.8987E+01
  -9.493  0.2059E+01  0.9008E+01
  -9.483  0.2053E+01  0.9028E+01
  -9.473  0.2047E+01  0.9049E+01
  -9.463  0.2041E+01  0.9069E+01
  -9.453  0.2038E+01  0.9089E+01
  -9.443  0.2377E+01  0.9112E+01
  -9.433  0.2263E+01  0.9135E+01
  -9.423  0.2205E+01  0.9157E+01
  -9.413  0.2169E+01  0.9179E+01
  -9.403  0.2133E+01  0.9201E+01
  -9.393  0.2120E+01  0.9222E+01
  -9.383  0.2205E+01  0.9243E+01
  -9.373  0.2290E+01  0.9266E+01
  -9.363  0.2375E+01  0.9289E+01
  -9.353  0.2460E+01  0.9313E+01
  -9.343  0.2545E+01  0.9338E+01
  -9.333  0.2630E+01  0.9364E+01
  -9.323  0.2712E+01  0.9391E+01
  -9.313  0.2744E+01  0.9418E+01
  -9.303  0.2818E+01  0.9446E+01
  -9.293  0.2896E+01  0.9475E+01
  -9.283  0.2975E+01  0.9504E+01
  -9.273  0.2380E+01  0.9530E+01
  -9.263  0.2357E+01  0.9554E+01
  -9.253  0.2334E+01  0.9577E+01
  -9.243  0.2313E+01  0.9600E+01
  -9.233  0.2295E+01  0.9623E+01
  -9.223  0.2277E+01  0.9646E+01
  -9.213  0.2259E+01  0.9669E+01
  -9.203  0.2241E+01  0.9691E+01
  -9.193  0.2228E+01  0.9714E+01
  -9.183  0.2218E+01  0.9736E+01
  -9.173  0.2207E+01  0.9758E+01
  -9.163  0.2197E+01  0.9780E+01
  -9.153  0.2186E+01  0.9802E+01
  -9.143  0.2176E+01  0.9824E+01
  -9.133  0.2165E+01  0.9846E+01
  -9.123  0.2161E+01  0.9867E+01
  -9.113  0.2142E+01  0.9889E+01
  -9.103  0.2123E+01  0.9910E+01
  -9.093  0.2089E+01  0.9931E+01
  -9.083  0.2049E+01  0.9952E+01
  -9.073  0.2031E+01  0.9972E+01
  -9.063  0.2024E+01  0.9993E+01
  -9.053  0.2017E+01  0.1001E+02
  -9.043  0.2010E+01  0.1003E+02
  -9.033  0.2003E+01  0.1005E+02
  -9.023  0.1996E+01  0.1007E+02
  -9.013  0.1989E+01  0.1009E+02
  -9.003  0.1983E+01  0.1011E+02
  -8.993  0.1979E+01  0.1013E+02
  -8.983  0.1974E+01  0.1015E+02
  -8.973  0.1969E+01  0.1017E+02
  -8.963  0.1965E+01  0.1019E+02
  -8.953  0.1960E+01  0.1021E+02
  -8.943  0.1956E+01  0.1023E+02
  -8.933  0.1884E+01  0.1025E+02
  -8.923  0.1890E+01  0.1027E+02
  -8.913  0.1895E+01  0.1029E+02
  -8.903  0.1904E+01  0.1031E+02
  -8.893  0.1914E+01  0.1033E+02
  -8.883  0.1925E+01  0.1034E+02
  -8.873  0.1935E+01  0.1036E+02
  -8.863  0.1948E+01  0.1038E+02
  -8.853  0.1968E+01  0.1040E+02
  -8.843  0.1988E+01  0.1042E+02
  -8.833  0.1971E+01  0.1044E+02
  -8.823  0.1949E+01  0.1046E+02
  -8.813  0.1928E+01  0.1048E+02
  -8.803  0.1907E+01  0.1050E+02
  -8.793  0.1886E+01  0.1052E+02
  -8.783  0.1865E+01  0.1054E+02
  -8.773  0.1844E+01  0.1056E+02
  -8.763  0.1823E+01  0.1058E+02
  -8.753  0.1803E+01  0.1059E+02
  -8.743  0.1798E+01  0.1061E+02
  -8.733  0.1794E+01  0.1063E+02
  -8.723  0.1790E+01  0.1065E+02
  -8.713  0.1786E+01  0.1067E+02
  -8.703  0.1781E+01  0.1068E+02
  -8.693  0.1777E+01  0.1070E+02
  -8.683  0.1773E+01  0.1072E+02
  -8.673  0.1769E+01  0.1074E+02
  -8.663  0.1764E+01  0.1075E+02
  -8.653  0.1888E+01  0.1077E+02
  -8.643  0.2080E+01  0.1079E+02
  -8.633  0.1970E+01  0.1081E+02
  -8.623  0.1859E+01  0.1083E+02
  -8.613  0.1749E+01  0.1085E+02
  -8.603  0.1639E+01  0.1087E+02
  -8.593  0.1528E+01  0.1088E+02
  -8.583  0.1479E+01  0.1090E+02
  -8.573  0.1377E+01  0.1091E+02
  -8.563  0.1275E+01  0.1093E+02
  -8.553  0.1174E+01  0.1094E+02
  -8.543  0.1190E+01  0.1095E+02
  -8.533  0.1205E+01  0.1096E+02
  -8.523  0.1219E+01  0.1097E+02
  -8.513  0.1232E+01  0.1099E+02
  -8.503  0.1246E+01  0.1100E+02
  -8.493  0.1259E+01  0.1101E+02
  -8.483  0.1273E+01  0.1102E+02
  -8.473  0.1286E+01  0.1104E+02
  -8.463  0.1299E+01  0.1105E+02
  -8.453  0.1313E+01  0.1106E+02
  -8.443  0.1326E+01  0.1108E+02
  -8.433  0.1340E+01  0.1109E+02
  -8.423  0.1353E+01  0.1110E+02
  -8.413  0.1366E+01  0.1112E+02
  -8.403  0.1380E+01  0.1113E+02
  -8.393  0.1393E+01  0.1114E+02
  -8.383  0.1406E+01  0.1116E+02
  -8.373  0.1531E+01  0.1117E+02
  -8.363  0.1701E+01  0.1119E+02
  -8.353  0.1829E+01  0.1121E+02
  -8.343  0.1969E+01  0.1122E+02
  -8.333  0.2042E+01  0.1124E+02
  -8.323  0.2115E+01  0.1127E+02
  -8.313  0.2189E+01  0.1129E+02
  -8.303  0.2262E+01  0.1131E+02
  -8.293  0.2324E+01  0.1133E+02
  -8.283  0.2356E+01  0.1136E+02
  -8.273  0.2387E+01  0.1138E+02
  -8.263  0.2418E+01  0.1140E+02
  -8.253  0.1784E+01  0.1142E+02
  -8.243  0.1785E+01  0.1144E+02
  -8.233  0.1786E+01  0.1146E+02
  -8.223  0.1788E+01  0.1148E+02
  -8.213  0.1789E+01  0.1150E+02
  -8.203  0.1790E+01  0.1151E+02
  -8.193  0.1770E+01  0.1153E+02
  -8.183  0.1750E+01  0.1155E+02
  -8.173  0.1730E+01  0.1157E+02
  -8.163  0.1716E+01  0.1158E+02
  -8.153  0.1719E+01  0.1160E+02
  -8.143  0.1760E+01  0.1162E+02
  -8.133  0.1732E+01  0.1164E+02
  -8.123  0.1704E+01  0.1165E+02
  -8.113  0.1677E+01  0.1167E+02
  -8.103  0.1649E+01  0.1169E+02
  -8.093  0.1621E+01  0.1170E+02
  -8.083  0.1593E+01  0.1172E+02
  -8.073  0.1566E+01  0.1173E+02
  -8.063  0.1538E+01  0.1175E+02
  -8.053  0.1473E+01  0.1177E+02
  -8.043  0.1477E+01  0.1178E+02
  -8.033  0.1481E+01  0.1179E+02
  -8.023  0.1485E+01  0.1181E+02
  -8.013  0.1519E+01  0.1182E+02
  -8.003  0.1715E+01  0.1184E+02
  -7.993  0.1832E+01  0.1186E+02
  -7.983  0.1828E+01  0.1188E+02
  -7.973  0.1824E+01  0.1190E+02
  -7.963  0.1828E+01  0.1191E+02
  -7.953  0.1864E+01  0.1193E+02
  -7.943  0.1900E+01  0.1195E+02
  -7.933  0.1936E+01  0.1197E+02
  -7.923  0.1971E+01  0.1199E+02
  -7.913  0.0000E+00  0.1200E+02
  -7.903  0.0000E+00  0.1200E+02
  -7.893  0.6855E+01  0.1201E+02
  -7.883  0.3880E+00  0.1204E+02
  -7.873  0.3933E+00  0.1205E+02
  -7.863  0.3986E+00  0.1205E+02
  -7.853  0.4038E+00  0.1205E+02
  -7.843  0.4091E+00  0.1206E+02
  -7.833  0.4144E+00  0.1206E+02
  -7.823  0.4197E+00  0.1207E+02
  -7.813  0.4250E+00  0.1207E+02
  -7.803  0.4302E+00  0.1207E+02
  -7.793  0.4355E+00  0.1208E+02
  -7.783  0.4408E+00  0.1208E+02
  -7.773  0.4461E+00  0.1209E+02
  -7.763  0.4513E+00  0.1209E+02
  -7.753  0.4566E+00  0.1210E+02
  -7.743  0.4619E+00  0.1210E+02
  -7.733  0.4682E+00  0.1211E+02
  -7.723  0.4783E+00  0.1211E+02
  -7.713  0.4884E+00  0.1212E+02
  -7.703  0.4984E+00  0.1212E+02
  -7.693  0.5085E+00  0.1213E+02
  -7.683  0.5185E+00  0.1213E+02
  -7.673  0.5286E+00  0.1214E+02
  -7.663  0.5387E+00  0.1214E+02
  -7.653  0.5487E+00  0.1215E+02
  -7.643  0.5554E+00  0.1215E+02
  -7.633  0.5706E+00  0.1216E+02
  -7.623  0.6615E+00  0.1216E+02
  -7.613  0.7523E+00  0.1217E+02
  -7.603  0.8432E+00  0.1218E+02
  -7.593  0.9353E+00  0.1219E+02
  -7.583  0.1028E+01  0.1220E+02
  -7.573  0.1121E+01  0.1221E+02
  -7.563  0.8970E+00  0.1222E+02
  -7.553  0.9106E+00  0.1223E+02
  -7.543  0.9242E+00  0.1224E+02
  -7.533  0.9378E+00  0.1225E+02
  -7.523  0.9514E+00  0.1225E+02
  -7.513  0.9649E+00  0.1226E+02
  -7.503  0.9785E+00  0.1227E+02
  -7.493  0.9921E+00  0.1228E+02
  -7.483  0.1006E+01  0.1229E+02
  -7.473  0.1019E+01  0.1230E+02
  -7.463  0.1033E+01  0.1231E+02
  -7.453  0.1085E+01  0.1232E+02
  -7.443  0.1092E+01  0.1234E+02
  -7.433  0.1097E+01  0.1235E+02
  -7.423  0.1102E+01  0.1236E+02
  -7.413  0.1106E+01  0.1237E+02
  -7.403  0.1111E+01  0.1238E+02
  -7.393  0.1119E+01  0.1239E+02
  -7.383  0.1132E+01  0.1240E+02
  -7.373  0.1144E+01  0.1241E+02
  -7.363  0.1157E+01  0.1243E+02
  -7.353  0.1170E+01  0.1244E+02
  -7.343  0.1182E+01  0.1245E+02
  -7.333  0.1195E+01  0.1246E+02
  -7.323  0.1208E+01  0.1247E+02
  -7.313  0.1220E+01  0.1248E+02
  -7.303  0.1248E+01  0.1250E+02
  -7.293  0.1265E+01  0.1251E+02
  -7.283  0.1282E+01  0.1252E+02
  -7.273  0.1299E+01  0.1254E+02
  -7.263  0.1316E+01  0.1255E+02
  -7.253  0.1332E+01  0.1256E+02
  -7.243  0.1350E+01  0.1257E+02
  -7.233  0.1375E+01  0.1259E+02
  -7.223  0.1403E+01  0.1260E+02
  -7.213  0.1430E+01  0.1262E+02
  -7.203  0.1458E+01  0.1263E+02
  -7.193  0.1486E+01  0.1265E+02
  -7.183  0.1514E+01  0.1266E+02
  -7.173  0.1542E+01  0.1268E+02
  -7.163  0.1570E+01  0.1269E+02
  -7.153  0.1597E+01  0.1271E+02
  -7.143  0.1624E+01  0.1272E+02
  -7.133  0.1642E+01  0.1274E+02
  -7.123  0.1658E+01  0.1276E+02
  -7.113  0.1674E+01  0.1277E+02
  -7.103  0.1690E+01  0.1279E+02
  -7.093  0.1706E+01  0.1281E+02
  -7.083  0.1722E+01  0.1282E+02
  -7.073  0.1738E+01  0.1284E+02
  -7.063  0.1754E+01  0.1286E+02
  -7.053  0.2372E+01  0.1288E+02
  -7.043  0.3224E+01  0.1291E+02
  -7.033  0.2757E+01  0.1294E+02
  -7.023  0.2865E+01  0.1296E+02
  -7.013  0.3407E+01  0.1299E+02
  -7.003  0.3512E+01  0.1303E+02
  -6.993  0.3637E+01  0.1307E+02
  -6.983  0.3656E+01  0.1310E+02
  -6.973  0.3662E+01  0.1314E+02
  -6.963  0.3750E+01  0.1318E+02
  -6.953  0.3827E+01  0.1321E+02
  -6.943  0.3837E+01  0.1325E+02
  -6.933  0.3846E+01  0.1329E+02
  -6.923  0.3851E+01  0.1333E+02
  -6.913  0.3854E+01  0.1337E+02
  -6.903  0.3745E+01  0.1340E+02
  -6.893  0.3719E+01  0.1344E+02
  -6.883  0.3710E+01  0.1348E+02
  -6.873  0.3703E+01  0.1352E+02
  -6.863  0.3704E+01  0.1355E+02
  -6.853  0.3933E+01  0.1359E+02
  -6.843  0.4021E+01  0.1363E+02
  -6.833  0.4110E+01  0.1367E+02
  -6.823  0.4198E+01  0.1371E+02
  -6.813  0.4286E+01  0.1376E+02
  -6.803  0.4340E+01  0.1380E+02
  -6.793  0.5389E+01  0.1385E+02
  -6.783  0.5936E+01  0.1390E+02
  -6.773  0.6504E+01  0.1397E+02
  -6.763  0.6836E+01  0.1403E+02
  -6.753  0.6202E+01  0.1410E+02
  -6.743  0.5590E+01  0.1416E+02
  -6.733  0.5291E+01  0.1421E+02
  -6.723  0.4813E+01  0.1426E+02
  -6.713  0.4339E+01  0.1431E+02
  -6.703  0.3649E+01  0.1435E+02
  -6.693  0.2392E+01  0.1438E+02
  -6.683  0.1136E+01  0.1440E+02
  -6.673  0.1112E+01  0.1441E+02
  -6.663  0.1120E+01  0.1442E+02
  -6.653  0.1088E+01  0.1443E+02
  -6.643  0.1084E+01  0.1444E+02
  -6.633  0.1079E+01  0.1445E+02
  -6.623  0.1074E+01  0.1446E+02
  -6.613  0.1076E+01  0.1447E+02
  -6.603  0.1080E+01  0.1448E+02
  -6.593  0.1084E+01  0.1450E+02
  -6.583  0.1088E+01  0.1451E+02
  -6.573  0.1092E+01  0.1452E+02
  -6.563  0.1096E+01  0.1453E+02
  -6.553  0.1100E+01  0.1454E+02
  -6.543  0.1104E+01  0.1455E+02
  -6.533  0.1109E+01  0.1456E+02
  -6.523  0.1115E+01  0.1457E+02
  -6.513  0.1121E+01  0.1458E+02
  -6.503  0.1127E+01  0.1459E+02
  -6.493  0.1124E+01  0.1461E+02
  -6.483  0.1111E+01  0.1462E+02
  -6.473  0.1105E+01  0.1463E+02
  -6.463  0.1106E+01  0.1464E+02
  -6.453  0.1107E+01  0.1465E+02
  -6.443  0.1107E+01  0.1466E+02
  -6.433  0.1108E+01  0.1467E+02
  -6.423  0.1109E+01  0.1468E+02
  -6.413  0.1112E+01  0.1469E+02
  -6.403  0.1116E+01  0.1471E+02
  -6.393  0.1120E+01  0.1472E+02
  -6.383  0.1124E+01  0.1473E+02
  -6.373  0.1128E+01  0.1474E+02
  -6.363  0.1133E+01  0.1475E+02
  -6.353  0.1137E+01  0.1476E+02
  -6.343  0.1141E+01  0.1477E+02
  -6.333  0.1145E+01  0.1478E+02
  -6.323  0.1150E+01  0.1480E+02
  -6.313  0.1155E+01  0.1481E+02
  -6.303  0.1160E+01  0.1482E+02
  -6.293  0.1151E+01  0.1483E+02
  -6.283  0.1150E+01  0.1484E+02
  -6.273  0.1149E+01  0.1485E+02
  -6.263  0.1149E+01  0.1487E+02
  -6.253  0.1151E+01  0.1488E+02
  -6.243  0.1154E+01  0.1489E+02
  -6.233  0.1158E+01  0.1490E+02
  -6.223  0.1161E+01  0.1491E+02
  -6.213  0.1164E+01  0.1492E+02
  -6.203  0.1168E+01  0.1493E+02
  -6.193  0.1171E+01  0.1495E+02
  -6.183  0.1176E+01  0.1496E+02
  -6.173  0.1181E+01  0.1497E+02
  -6.163  0.1187E+01  0.1498E+02
  -6.153  0.1193E+01  0.1499E+02
  -6.143  0.1199E+01  0.1501E+02
  -6.133  0.1205E+01  0.1502E+02
  -6.123  0.1210E+01  0.1503E+02
  -6.113  0.1216E+01  0.1504E+02
  -6.103  0.1222E+01  0.1505E+02
  -6.093  0.1228E+01  0.1507E+02
  -6.083  0.1234E+01  0.1508E+02
  -6.073  0.1233E+01  0.1509E+02
  -6.063  0.1233E+01  0.1510E+02
  -6.053  0.1239E+01  0.1512E+02
  -6.043  0.1245E+01  0.1513E+02
  -6.033  0.1251E+01  0.1514E+02
  -6.023  0.1257E+01  0.1515E+02
  -6.013  0.1265E+01  0.1517E+02
  -6.003  0.1274E+01  0.1518E+02
  -5.993  0.1284E+01  0.1519E+02
  -5.983  0.1294E+01  0.1520E+02
  -5.973  0.1304E+01  0.1522E+02
  -5.963  0.1314E+01  0.1523E+02
  -5.953  0.1324E+01  0.1524E+02
  -5.943  0.1334E+01  0.1526E+02
  -5.933  0.1351E+01  0.1527E+02
  -5.923  0.1368E+01  0.1528E+02
  -5.913  0.1386E+01  0.1530E+02
  -5.903  0.1404E+01  0.1531E+02
  -5.893  0.1421E+01  0.1533E+02
  -5.883  0.1439E+01  0.1534E+02
  -5.873  0.1457E+01  0.1535E+02
  -5.863  0.1474E+01  0.1537E+02
  -5.853  0.1492E+01  0.1538E+02
  -5.843  0.1520E+01  0.1540E+02
  -5.833  0.1555E+01  0.1541E+02
  -5.823  0.1595E+01  0.1543E+02
  -5.813  0.1642E+01  0.1545E+02
  -5.803  0.1695E+01  0.1546E+02
  -5.793  0.1749E+01  0.1548E+02
  -5.783  0.1805E+01  0.1550E+02
  -5.773  0.1927E+01  0.1552E+02
  -5.763  0.2050E+01  0.1554E+02
  -5.753  0.2172E+01  0.1556E+02
  -5.743  0.3827E+01  0.1559E+02
  -5.733  0.1850E+01  0.1562E+02
  -5.723  0.1747E+01  0.1564E+02
  -5.713  0.1644E+01  0.1566E+02
  -5.703  0.1540E+01  0.1567E+02
  -5.693  0.1437E+01  0.1569E+02
  -5.683  0.1334E+01  0.1570E+02
  -5.673  0.1230E+01  0.1571E+02
  -5.663  0.1161E+01  0.1572E+02
  -5.653  0.1206E+01  0.1574E+02
  -5.643  0.1251E+01  0.1575E+02
  -5.633  0.1296E+01  0.1576E+02
  -5.623  0.1340E+01  0.1577E+02
  -5.613  0.8938E+00  0.1579E+02
  -5.603  0.9432E+00  0.1580E+02
  -5.593  0.9846E+00  0.1581E+02
  -5.583  0.9588E+00  0.1582E+02
  -5.573  0.9247E+00  0.1583E+02
  -5.563  0.8907E+00  0.1583E+02
  -5.553  0.8566E+00  0.1584E+02
  -5.543  0.8225E+00  0.1585E+02
  -5.533  0.7885E+00  0.1586E+02
  -5.523  0.7544E+00  0.1587E+02
  -5.513  0.7203E+00  0.1587E+02
  -5.503  0.6863E+00  0.1588E+02
  -5.493  0.6829E+00  0.1589E+02
  -5.483  0.7573E+00  0.1590E+02
  -5.473  0.8317E+00  0.1590E+02
  -5.463  0.9061E+00  0.1591E+02
  -5.453  0.1000E+01  0.1592E+02
  -5.443  0.1107E+01  0.1593E+02
  -5.433  0.1214E+01  0.1594E+02
  -5.423  0.1321E+01  0.1596E+02
  -5.413  0.1428E+01  0.1597E+02
  -5.403  0.1534E+01  0.1599E+02
  -5.393  0.1352E+01  0.1600E+02
  -5.383  0.1180E+01  0.1601E+02
  -5.373  0.1192E+01  0.1602E+02
  -5.363  0.1204E+01  0.1604E+02
  -5.353  0.1002E+01  0.1605E+02
  -5.343  0.1003E+01  0.1606E+02
  -5.333  0.1004E+01  0.1607E+02
  -5.323  0.1005E+01  0.1608E+02
  -5.313  0.1007E+01  0.1609E+02
  -5.303  0.1008E+01  0.1610E+02
  -5.293  0.1009E+01  0.1611E+02
  -5.283  0.1011E+01  0.1612E+02
  -5.273  0.1012E+01  0.1613E+02
  -5.263  0.1013E+01  0.1614E+02
  -5.253  0.1014E+01  0.1615E+02
  -5.243  0.1016E+01  0.1616E+02
  -5.233  0.1017E+01  0.1617E+02
  -5.223  0.1018E+01  0.1618E+02
  -5.213  0.1012E+01  0.1619E+02
  -5.203  0.1007E+01  0.1620E+02
  -5.193  0.1001E+01  0.1621E+02
  -5.183  0.9947E+00  0.1622E+02
  -5.173  0.9888E+00  0.1623E+02
  -5.163  0.9829E+00  0.1624E+02
  -5.153  0.9770E+00  0.1625E+02
  -5.143  0.9715E+00  0.1626E+02
  -5.133  0.9675E+00  0.1627E+02
  -5.123  0.9645E+00  0.1628E+02
  -5.113  0.9700E+00  0.1629E+02
  -5.103  0.9936E+00  0.1630E+02
  -5.093  0.1017E+01  0.1631E+02
  -5.083  0.1041E+01  0.1632E+02
  -5.073  0.1065E+01  0.1633E+02
  -5.063  0.1088E+01  0.1634E+02
  -5.053  0.1112E+01  0.1635E+02
  -5.043  0.1136E+01  0.1636E+02
  -5.033  0.1159E+01  0.1637E+02
  -5.023  0.1183E+01  0.1638E+02
  -5.013  0.1207E+01  0.1640E+02
  -5.003  0.1230E+01  0.1641E+02
  -4.993  0.1254E+01  0.1642E+02
  -4.983  0.1278E+01  0.1643E+02
  -4.973  0.1301E+01  0.1645E+02
  -4.963  0.1443E+01  0.1646E+02
  -4.953  0.1471E+01  0.1647E+02
  -4.943  0.1510E+01  0.1649E+02
  -4.933  0.1548E+01  0.1650E+02
  -4.923  0.1587E+01  0.1652E+02
  -4.913  0.1615E+01  0.1654E+02
  -4.903  0.1643E+01  0.1655E+02
  -4.893  0.1671E+01  0.1657E+02
  -4.883  0.2146E+01  0.1659E+02
  -4.873  0.2137E+01  0.1661E+02
  -4.863  0.2128E+01  0.1663E+02
  -4.853  0.2114E+01  0.1665E+02
  -4.843  0.2100E+01  0.1667E+02
  -4.833  0.2085E+01  0.1669E+02
  -4.823  0.2061E+01  0.1671E+02
  -4.813  0.2016E+01  0.1673E+02
  -4.803  0.1971E+01  0.1675E+02
  -4.793  0.1927E+01  0.1677E+02
  -4.783  0.1882E+01  0.1679E+02
  -4.773  0.1838E+01  0.1681E+02
  -4.763  0.1793E+01  0.1683E+02
  -4.753  0.1862E+01  0.1685E+02
  -4.743  0.3819E+01  0.1687E+02
  -4.733  0.6145E+01  0.1692E+02
  -4.723  0.4669E+01  0.1698E+02
  -4.713  0.5170E+01  0.1703E+02
  -4.703  0.3873E+01  0.1708E+02
  -4.693  0.3853E+01  0.1712E+02
  -4.683  0.3943E+01  0.1716E+02
  -4.673  0.3908E+01  0.1720E+02
  -4.663  0.3923E+01  0.1724E+02
  -4.653  0.3972E+01  0.1728E+02
  -4.643  0.4022E+01  0.1732E+02
  -4.633  0.4089E+01  0.1736E+02
  -4.623  0.4177E+01  0.1740E+02
  -4.613  0.4265E+01  0.1744E+02
  -4.603  0.4352E+01  0.1748E+02
  -4.593  0.3984E+01  0.1752E+02
  -4.583  0.3785E+01  0.1756E+02
  -4.573  0.3585E+01  0.1760E+02
  -4.563  0.4660E+01  0.1764E+02
  -4.553  0.3993E+01  0.1768E+02
  -4.543  0.3813E+01  0.1772E+02
  -4.533  0.3911E+01  0.1776E+02
  -4.523  0.2462E+01  0.1779E+02
  -4.513  0.2382E+01  0.1782E+02
  -4.503  0.2303E+01  0.1784E+02
  -4.493  0.2224E+01  0.1786E+02
  -4.483  0.2144E+01  0.1789E+02
  -4.473  0.2065E+01  0.1791E+02
  -4.463  0.1986E+01  0.1793E+02
  -4.453  0.2007E+01  0.1795E+02
  -4.443  0.2136E+01  0.1797E+02
  -4.433  0.2507E+01  0.1799E+02
  -4.423  0.2966E+01  0.1802E+02
  -4.413  0.3425E+01  0.1805E+02
  -4.403  0.3884E+01  0.1809E+02
  -4.393  0.4342E+01  0.1813E+02
  -4.383  0.5267E+01  0.1818E+02
  -4.373  0.4284E+01  0.1822E+02
  -4.363  0.4328E+01  0.1827E+02
  -4.353  0.3896E+01  0.1831E+02
  -4.343  0.3823E+01  0.1834E+02
  -4.333  0.3777E+01  0.1838E+02
  -4.323  0.3733E+01  0.1842E+02
  -4.313  0.3688E+01  0.1846E+02
  -4.303  0.3624E+01  0.1849E+02
  -4.293  0.3572E+01  0.1853E+02
  -4.283  0.3519E+01  0.1857E+02
  -4.273  0.3469E+01  0.1860E+02
  -4.263  0.3442E+01  0.1863E+02
  -4.253  0.3596E+01  0.1867E+02
  -4.243  0.3624E+01  0.1871E+02
  -4.233  0.3799E+01  0.1874E+02
  -4.223  0.3985E+01  0.1878E+02
  -4.213  0.4172E+01  0.1882E+02
  -4.203  0.4359E+01  0.1887E+02
  -4.193  0.4583E+01  0.1891E+02
  -4.183  0.4742E+01  0.1896E+02
  -4.173  0.4901E+01  0.1901E+02
  -4.163  0.5188E+01  0.1906E+02
  -4.153  0.5500E+01  0.1911E+02
  -4.143  0.5763E+01  0.1917E+02
  -4.133  0.5884E+01  0.1922E+02
  -4.123  0.5866E+01  0.1928E+02
  -4.113  0.7236E+01  0.1934E+02
  -4.103  0.1046E+02  0.1943E+02
  -4.093  0.9611E+01  0.1953E+02
  -4.083  0.4363E+01  0.1960E+02
  -4.073  0.3340E+01  0.1964E+02
  -4.063  0.3196E+01  0.1967E+02
  -4.053  0.3051E+01  0.1970E+02
  -4.043  0.2907E+01  0.1973E+02
  -4.033  0.2758E+01  0.1976E+02
  -4.023  0.2676E+01  0.1979E+02
  -4.013  0.2605E+01  0.1982E+02
  -4.003  0.2534E+01  0.1984E+02
  -3.993  0.2463E+01  0.1987E+02
  -3.983  0.2391E+01  0.1989E+02
  -3.973  0.2293E+01  0.1991E+02
  -3.963  0.2243E+01  0.1994E+02
  -3.953  0.2198E+01  0.1996E+02
  -3.943  0.2153E+01  0.1998E+02
  -3.933  0.2108E+01  0.2000E+02
  -3.923  0.2063E+01  0.2002E+02
  -3.913  0.2016E+01  0.2004E+02
  -3.903  0.1966E+01  0.2006E+02
  -3.893  0.1916E+01  0.2008E+02
  -3.883  0.1888E+01  0.2010E+02
  -3.873  0.1864E+01  0.2012E+02
  -3.863  0.1840E+01  0.2014E+02
  -3.853  0.1817E+01  0.2016E+02
  -3.843  0.1793E+01  0.2017E+02
  -3.833  0.1770E+01  0.2019E+02
  -3.823  0.1751E+01  0.2021E+02
  -3.813  0.1733E+01  0.2023E+02
  -3.803  0.1715E+01  0.2024E+02
  -3.793  0.1699E+01  0.2026E+02
  -3.783  0.1684E+01  0.2028E+02
  -3.773  0.1668E+01  0.2030E+02
  -3.763  0.1653E+01  0.2031E+02
  -3.753  0.1638E+01  0.2033E+02
  -3.743  0.1622E+01  0.2034E+02
  -3.733  0.1607E+01  0.2036E+02
  -3.723  0.1591E+01  0.2038E+02
  -3.713  0.1576E+01  0.2039E+02
  -3.703  0.1561E+01  0.2041E+02
  -3.693  0.1545E+01  0.2042E+02
  -3.683  0.1512E+01  0.2044E+02
  -3.673  0.1499E+01  0.2045E+02
  -3.663  0.1487E+01  0.2047E+02
  -3.653  0.1474E+01  0.2048E+02
  -3.643  0.1461E+01  0.2050E+02
  -3.633  0.1448E+01  0.2051E+02
  -3.623  0.1435E+01  0.2053E+02
  -3.613  0.1422E+01  0.2054E+02
  -3.603  0.1410E+01  0.2056E+02
  -3.593  0.1378E+01  0.2057E+02
  -3.583  0.1367E+01  0.2058E+02
  -3.573  0.1356E+01  0.2060E+02
  -3.563  0.1345E+01  0.2061E+02
  -3.553  0.1334E+01  0.2062E+02
  -3.543  0.1323E+01  0.2064E+02
  -3.533  0.1312E+01  0.2065E+02
  -3.523  0.1305E+01  0.2066E+02
  -3.513  0.1297E+01  0.2068E+02
  -3.503  0.1290E+01  0.2069E+02
  -3.493  0.1282E+01  0.2070E+02
  -3.483  0.1275E+01  0.2072E+02
  -3.473  0.1268E+01  0.2073E+02
  -3.463  0.1260E+01  0.2074E+02
  -3.453  0.1253E+01  0.2075E+02
  -3.443  0.1246E+01  0.2077E+02
  -3.433  0.1238E+01  0.2078E+02
  -3.423  0.1231E+01  0.2079E+02
  -3.413  0.1224E+01  0.2080E+02
  -3.403  0.1216E+01  0.2081E+02
  -3.393  0.1209E+01  0.2083E+02
  -3.383  0.1202E+01  0.2084E+02
  -3.373  0.1194E+01  0.2085E+02
  -3.363  0.1185E+01  0.2086E+02
  -3.353  0.1175E+01  0.2087E+02
  -3.343  0.1165E+01  0.2089E+02
  -3.333  0.1155E+01  0.2090E+02
  -3.323  0.1144E+01  0.2091E+02
  -3.313  0.1130E+01  0.2092E+02
  -3.303  0.1117E+01  0.2093E+02
  -3.293  0.1104E+01  0.2094E+02
  -3.283  0.1091E+01  0.2095E+02
  -3.273  0.1081E+01  0.2097E+02
  -3.263  0.1072E+01  0.2098E+02
  -3.253  0.1062E+01  0.2099E+02
  -3.243  0.1055E+01  0.2100E+02
  -3.233  0.1050E+01  0.2101E+02
  -3.223  0.1045E+01  0.2102E+02
  -3.213  0.1040E+01  0.2103E+02
  -3.203  0.1034E+01  0.2104E+02
  -3.193  0.1029E+01  0.2105E+02
  -3.183  0.1024E+01  0.2106E+02
  -3.173  0.1019E+01  0.2107E+02
  -3.163  0.1013E+01  0.2108E+02
  -3.153  0.1008E+01  0.2109E+02
  -3.143  0.1003E+01  0.2110E+02
  -3.133  0.9978E+00  0.2111E+02
  -3.123  0.9925E+00  0.2112E+02
  -3.113  0.9873E+00  0.2113E+02
  -3.103  0.9821E+00  0.2114E+02
  -3.093  0.1055E+01  0.2115E+02
  -3.083  0.1199E+01  0.2116E+02
  -3.073  0.1344E+01  0.2117E+02
  -3.063  0.1488E+01  0.2119E+02
  -3.053  0.1632E+01  0.2120E+02
  -3.043  0.1776E+01  0.2122E+02
  -3.033  0.1920E+01  0.2124E+02
  -3.023  0.1506E+01  0.2126E+02
  -3.013  0.1510E+01  0.2127E+02
  -3.003  0.1515E+01  0.2129E+02
  -2.993  0.1519E+01  0.2130E+02
  -2.983  0.1523E+01  0.2132E+02
  -2.973  0.1528E+01  0.2133E+02
  -2.963  0.1532E+01  0.2135E+02
  -2.953  0.1536E+01  0.2136E+02
  -2.943  0.1541E+01  0.2138E+02
  -2.933  0.1545E+01  0.2139E+02
  -2.923  0.1549E+01  0.2141E+02
  -2.913  0.1543E+01  0.2142E+02
  -2.903  0.1552E+01  0.2144E+02
  -2.893  0.1561E+01  0.2146E+02
  -2.883  0.1554E+01  0.2147E+02
  -2.873  0.1564E+01  0.2149E+02
  -2.863  0.1566E+01  0.2150E+02
  -2.853  0.1544E+01  0.2152E+02
  -2.843  0.1522E+01  0.2153E+02
  -2.833  0.1499E+01  0.2155E+02
  -2.823  0.1482E+01  0.2156E+02
  -2.813  0.1481E+01  0.2158E+02
  -2.803  0.1480E+01  0.2159E+02
  -2.793  0.1479E+01  0.2161E+02
  -2.783  0.1478E+01  0.2162E+02
  -2.773  0.1477E+01  0.2164E+02
  -2.763  0.1475E+01  0.2165E+02
  -2.753  0.1474E+01  0.2167E+02
  -2.743  0.1473E+01  0.2168E+02
  -2.733  0.1472E+01  0.2170E+02
  -2.723  0.1471E+01  0.2171E+02
  -2.713  0.1471E+01  0.2173E+02
  -2.703  0.1475E+01  0.2174E+02
  -2.693  0.1478E+01  0.2175E+02
  -2.683  0.1480E+01  0.2177E+02
  -2.673  0.1483E+01  0.2178E+02
  -2.663  0.1485E+01  0.2180E+02
  -2.653  0.1488E+01  0.2181E+02
  -2.643  0.1490E+01  0.2183E+02
  -2.633  0.1492E+01  0.2184E+02
  -2.623  0.1493E+01  0.2186E+02
  -2.613  0.1494E+01  0.2187E+02
  -2.603  0.1496E+01  0.2189E+02
  -2.593  0.1497E+01  0.2190E+02
  -2.583  0.1498E+01  0.2192E+02
  -2.573  0.1477E+01  0.2193E+02
  -2.563  0.1471E+01  0.2195E+02
  -2.553  0.1464E+01  0.2196E+02
  -2.543  0.1458E+01  0.2198E+02
  -2.533  0.1451E+01  0.2199E+02
  -2.523  0.1444E+01  0.2201E+02
  -2.513  0.1435E+01  0.2202E+02
  -2.503  0.1429E+01  0.2204E+02
  -2.493  0.1424E+01  0.2205E+02
  -2.483  0.1420E+01  0.2206E+02
  -2.473  0.1417E+01  0.2208E+02
  -2.463  0.1413E+01  0.2209E+02
  -2.453  0.1410E+01  0.2211E+02
  -2.443  0.1406E+01  0.2212E+02
  -2.433  0.1403E+01  0.2213E+02
  -2.423  0.1400E+01  0.2215E+02
  -2.413  0.1397E+01  0.2216E+02
  -2.403  0.1396E+01  0.2218E+02
  -2.393  0.1395E+01  0.2219E+02
  -2.383  0.1394E+01  0.2220E+02
  -2.373  0.1392E+01  0.2222E+02
  -2.363  0.1391E+01  0.2223E+02
  -2.353  0.1390E+01  0.2225E+02
  -2.343  0.1388E+01  0.2226E+02
  -2.333  0.1387E+01  0.2227E+02
  -2.323  0.1462E+01  0.2229E+02
  -2.313  0.1451E+01  0.2230E+02
  -2.303  0.1440E+01  0.2232E+02
  -2.293  0.1511E+01  0.2233E+02
  -2.283  0.1486E+01  0.2235E+02
  -2.273  0.1462E+01  0.2236E+02
  -2.263  0.1437E+01  0.2238E+02
  -2.253  0.1413E+01  0.2239E+02
  -2.243  0.1388E+01  0.2240E+02
  -2.233  0.1363E+01  0.2242E+02
  -2.223  0.1339E+01  0.2243E+02
  -2.213  0.1314E+01  0.2245E+02
  -2.203  0.1289E+01  0.2246E+02
  -2.193  0.1264E+01  0.2247E+02
  -2.183  0.1252E+01  0.2248E+02
  -2.173  0.1228E+01  0.2250E+02
  -2.163  0.1203E+01  0.2251E+02
  -2.153  0.1179E+01  0.2252E+02
  -2.143  0.1164E+01  0.2253E+02
  -2.133  0.1166E+01  0.2254E+02
  -2.123  0.1169E+01  0.2256E+02
  -2.113  0.1171E+01  0.2257E+02
  -2.103  0.1174E+01  0.2258E+02
  -2.093  0.1176E+01  0.2259E+02
  -2.083  0.1178E+01  0.2260E+02
  -2.073  0.1181E+01  0.2261E+02
  -2.063  0.1183E+01  0.2263E+02
  -2.053  0.1185E+01  0.2264E+02
  -2.043  0.1188E+01  0.2265E+02
  -2.033  0.1190E+01  0.2266E+02
  -2.023  0.1192E+01  0.2267E+02
  -2.013  0.1195E+01  0.2269E+02
  -2.003  0.1197E+01  0.2270E+02
  -1.993  0.1199E+01  0.2271E+02
  -1.983  0.1201E+01  0.2272E+02
  -1.973  0.1189E+01  0.2273E+02
  -1.963  0.1191E+01  0.2274E+02
  -1.953  0.1193E+01  0.2276E+02
  -1.943  0.1195E+01  0.2277E+02
  -1.933  0.1197E+01  0.2278E+02
  -1.923  0.1200E+01  0.2279E+02
  -1.913  0.1203E+01  0.2280E+02
  -1.903  0.1208E+01  0.2282E+02
  -1.893  0.1212E+01  0.2283E+02
  -1.883  0.1217E+01  0.2284E+02
  -1.873  0.1222E+01  0.2285E+02
  -1.863  0.1226E+01  0.2287E+02
  -1.853  0.1231E+01  0.2288E+02
  -1.843  0.1331E+01  0.2289E+02
  -1.833  0.1374E+01  0.2290E+02
  -1.823  0.1417E+01  0.2292E+02
  -1.813  0.1460E+01  0.2293E+02
  -1.803  0.1501E+01  0.2295E+02
  -1.793  0.1528E+01  0.2296E+02
  -1.783  0.1549E+01  0.2298E+02
  -1.773  0.1569E+01  0.2299E+02
  -1.763  0.1590E+01  0.2301E+02
  -1.753  0.1611E+01  0.2302E+02
  -1.743  0.1631E+01  0.2304E+02
  -1.733  0.1652E+01  0.2306E+02
  -1.723  0.1673E+01  0.2307E+02
  -1.713  0.1693E+01  0.2309E+02
  -1.703  0.1709E+01  0.2311E+02
  -1.693  0.1722E+01  0.2313E+02
  -1.683  0.1735E+01  0.2314E+02
  -1.673  0.1748E+01  0.2316E+02
  -1.663  0.1761E+01  0.2318E+02
  -1.653  0.1774E+01  0.2319E+02
  -1.643  0.1737E+01  0.2321E+02
  -1.633  0.1589E+01  0.2323E+02
  -1.623  0.1455E+01  0.2324E+02
  -1.613  0.1415E+01  0.2326E+02
  -1.603  0.1374E+01  0.2327E+02
  -1.593  0.1334E+01  0.2329E+02
  -1.583  0.1293E+01  0.2330E+02
  -1.573  0.1252E+01  0.2331E+02
  -1.563  0.1222E+01  0.2332E+02
  -1.553  0.1190E+01  0.2334E+02
  -1.543  0.1168E+01  0.2335E+02
  -1.533  0.1146E+01  0.2336E+02
  -1.523  0.1124E+01  0.2337E+02
  -1.513  0.1102E+01  0.2338E+02
  -1.503  0.1080E+01  0.2339E+02
  -1.493  0.1058E+01  0.2340E+02
  -1.483  0.1036E+01  0.2341E+02
  -1.473  0.1014E+01  0.2342E+02
  -1.463  0.9918E+00  0.2343E+02
  -1.453  0.9698E+00  0.2344E+02
  -1.443  0.9553E+00  0.2345E+02
  -1.433  0.9443E+00  0.2346E+02
  -1.423  0.9333E+00  0.2347E+02
  -1.413  0.9223E+00  0.2348E+02
  -1.403  0.9113E+00  0.2349E+02
  -1.393  0.9002E+00  0.2350E+02
  -1.383  0.8856E+00  0.2351E+02
  -1.373  0.8711E+00  0.2352E+02
  -1.363  0.8565E+00  0.2353E+02
  -1.353  0.8419E+00  0.2354E+02
  -1.343  0.8274E+00  0.2354E+02
  -1.333  0.8128E+00  0.2355E+02
  -1.323  0.7982E+00  0.2356E+02
  -1.313  0.7837E+00  0.2357E+02
  -1.303  0.7691E+00  0.2358E+02
  -1.293  0.7571E+00  0.2358E+02
  -1.283  0.7482E+00  0.2359E+02
  -1.273  0.7393E+00  0.2360E+02
  -1.263  0.7304E+00  0.2361E+02
  -1.253  0.7230E+00  0.2361E+02
  -1.243  0.7169E+00  0.2362E+02
  -1.233  0.7108E+00  0.2363E+02
  -1.223  0.7047E+00  0.2363E+02
  -1.213  0.6986E+00  0.2364E+02
  -1.203  0.6925E+00  0.2365E+02
  -1.193  0.6864E+00  0.2366E+02
  -1.183  0.6803E+00  0.2366E+02
  -1.173  0.6742E+00  0.2367E+02
  -1.163  0.6663E+00  0.2368E+02
  -1.153  0.6558E+00  0.2368E+02
  -1.143  0.6452E+00  0.2369E+02
  -1.133  0.6346E+00  0.2369E+02
  -1.123  0.6240E+00  0.2370E+02
  -1.113  0.6134E+00  0.2371E+02
  -1.103  0.6031E+00  0.2371E+02
  -1.093  0.5959E+00  0.2372E+02
  -1.083  0.5888E+00  0.2373E+02
  -1.073  0.5817E+00  0.2373E+02
  -1.063  0.5745E+00  0.2374E+02
  -1.053  0.5674E+00  0.2374E+02
  -1.043  0.5602E+00  0.2375E+02
  -1.033  0.5603E+00  0.2375E+02
  -1.023  0.5515E+00  0.2376E+02
  -1.013  0.5427E+00  0.2377E+02
  -1.003  0.5338E+00  0.2377E+02
  -0.993  0.5250E+00  0.2378E+02
  -0.983  0.5162E+00  0.2378E+02
  -0.973  0.5073E+00  0.2379E+02
  -0.963  0.4985E+00  0.2379E+02
  -0.953  0.4897E+00  0.2380E+02
  -0.943  0.4808E+00  0.2380E+02
  -0.933  0.4720E+00  0.2381E+02
  -0.923  0.4632E+00  0.2381E+02
  -0.913  0.4543E+00  0.2381E+02
  -0.903  0.4455E+00  0.2382E+02
  -0.893  0.4545E+00  0.2382E+02
  -0.883  0.4472E+00  0.2383E+02
  -0.873  0.4398E+00  0.2383E+02
  -0.863  0.4321E+00  0.2384E+02
  -0.853  0.4243E+00  0.2384E+02
  -0.843  0.4165E+00  0.2385E+02
  -0.833  0.4087E+00  0.2385E+02
  -0.823  0.4009E+00  0.2385E+02
  -0.813  0.3931E+00  0.2386E+02
  -0.803  0.3853E+00  0.2386E+02
  -0.793  0.3775E+00  0.2387E+02
  -0.783  0.3697E+00  0.2387E+02
  -0.773  0.3619E+00  0.2387E+02
  -0.763  0.3542E+00  0.2388E+02
  -0.753  0.3464E+00  0.2388E+02
  -0.743  0.3386E+00  0.2388E+02
  -0.733  0.3308E+00  0.2389E+02
  -0.723  0.3230E+00  0.2389E+02
  -0.713  0.3152E+00  0.2389E+02
  -0.703  0.3074E+00  0.2390E+02
  -0.693  0.2996E+00  0.2390E+02
  -0.683  0.2918E+00  0.2390E+02
  -0.673  0.2840E+00  0.2391E+02
  -0.663  0.2770E+00  0.2391E+02
  -0.653  0.2718E+00  0.2391E+02
  -0.643  0.2667E+00  0.2391E+02
  -0.633  0.2615E+00  0.2392E+02
  -0.623  0.2563E+00  0.2392E+02
  -0.613  0.2512E+00  0.2392E+02
  -0.603  0.2460E+00  0.2392E+02
  -0.593  0.2570E+00  0.2393E+02
  -0.583  0.2647E+00  0.2393E+02
  -0.573  0.3986E+00  0.2393E+02
  -0.563  0.5678E+00  0.2394E+02
  -0.553  0.6259E+00  0.2394E+02
  -0.543  0.6841E+00  0.2395E+02
  -0.533  0.7423E+00  0.2396E+02
  -0.523  0.8004E+00  0.2396E+02
  -0.513  0.8521E+00  0.2397E+02
  -0.503  0.8860E+00  0.2398E+02
  -0.493  0.9200E+00  0.2399E+02
  -0.483  0.9539E+00  0.2400E+02
  -0.473  0.9879E+00  0.2401E+02
  -0.463  0.1022E+01  0.2402E+02
  -0.453  0.1056E+01  0.2403E+02
  -0.443  0.1090E+01  0.2404E+02
  -0.433  0.1119E+01  0.2405E+02
  -0.423  0.1143E+01  0.2406E+02
  -0.413  0.1168E+01  0.2407E+02
  -0.403  0.1192E+01  0.2409E+02
  -0.393  0.1217E+01  0.2410E+02
  -0.383  0.1241E+01  0.2411E+02
  -0.373  0.1266E+01  0.2412E+02
  -0.363  0.1290E+01  0.2414E+02
  -0.353  0.1314E+01  0.2415E+02
  -0.343  0.1339E+01  0.2416E+02
  -0.333  0.1362E+01  0.2418E+02
  -0.323  0.1356E+01  0.2419E+02
  -0.313  0.1322E+01  0.2420E+02
  -0.303  0.1288E+01  0.2422E+02
  -0.293  0.1267E+01  0.2423E+02
  -0.283  0.1256E+01  0.2424E+02
  -0.273  0.1244E+01  0.2425E+02
  -0.263  0.1233E+01  0.2427E+02
  -0.253  0.1222E+01  0.2428E+02
  -0.243  0.1210E+01  0.2429E+02
  -0.233  0.1202E+01  0.2430E+02
  -0.223  0.1198E+01  0.2431E+02
  -0.213  0.1194E+01  0.2433E+02
  -0.203  0.1191E+01  0.2434E+02
  -0.193  0.1188E+01  0.2435E+02
  -0.183  0.1185E+01  0.2436E+02
  -0.173  0.1182E+01  0.2437E+02
  -0.163  0.1179E+01  0.2439E+02
  -0.153  0.1191E+01  0.2440E+02
  -0.143  0.1219E+01  0.2441E+02
  -0.133  0.1248E+01  0.2442E+02
  -0.123  0.1277E+01  0.2443E+02
  -0.113  0.1306E+01  0.2445E+02
  -0.103  0.1335E+01  0.2446E+02
  -0.093  0.1367E+01  0.2447E+02
  -0.083  0.1409E+01  0.2449E+02
  -0.073  0.1451E+01  0.2450E+02
  -0.063  0.1493E+01  0.2452E+02
  -0.053  0.1535E+01  0.2453E+02
  -0.043  0.1577E+01  0.2455E+02
  -0.033  0.1621E+01  0.2456E+02
  -0.023  0.1664E+01  0.2458E+02
  -0.013  0.1707E+01  0.2460E+02
  -0.003  0.1750E+01  0.2461E+02
   0.007  0.2364E+01  0.2464E+02
   0.017  0.2307E+01  0.2466E+02
   0.027  0.2250E+01  0.2468E+02
   0.037  0.2194E+01  0.2471E+02
   0.047  0.2137E+01  0.2473E+02
   0.057  0.2081E+01  0.2475E+02
   0.067  0.2024E+01  0.2477E+02
   0.077  0.1971E+01  0.2479E+02
   0.087  0.1917E+01  0.2481E+02
   0.097  0.1863E+01  0.2483E+02
   0.107  0.1809E+01  0.2485E+02
   0.117  0.1755E+01  0.2486E+02
   0.127  0.1974E+01  0.2488E+02
   0.137  0.2408E+01  0.2490E+02
   0.147  0.1415E+01  0.2493E+02
   0.157  0.1422E+01  0.2494E+02
   0.167  0.1426E+01  0.2496E+02
   0.177  0.1420E+01  0.2497E+02
   0.187  0.1421E+01  0.2498E+02
   0.197  0.1424E+01  0.2500E+02
   0.207  0.1427E+01  0.2501E+02
   0.217  0.1430E+01  0.2503E+02
   0.227  0.1434E+01  0.2504E+02
   0.237  0.1439E+01  0.2506E+02
   0.247  0.1443E+01  0.2507E+02
   0.257  0.1448E+01  0.2508E+02
   0.267  0.1453E+01  0.2510E+02
   0.277  0.1458E+01  0.2511E+02
   0.287  0.1377E+01  0.2513E+02
   0.297  0.1372E+01  0.2514E+02
   0.307  0.1367E+01  0.2516E+02
   0.317  0.1276E+01  0.2517E+02
   0.327  0.1263E+01  0.2518E+02
   0.337  0.1249E+01  0.2519E+02
   0.347  0.1236E+01  0.2521E+02
   0.357  0.1248E+01  0.2522E+02
   0.367  0.1354E+01  0.2523E+02
   0.377  0.1459E+01  0.2525E+02
   0.387  0.1565E+01  0.2526E+02
   0.397  0.1670E+01  0.2528E+02
   0.407  0.1776E+01  0.2529E+02
   0.417  0.1197E+01  0.2531E+02
   0.427  0.1191E+01  0.2532E+02
   0.437  0.1185E+01  0.2533E+02
   0.447  0.1179E+01  0.2534E+02
   0.457  0.1173E+01  0.2535E+02
   0.467  0.1167E+01  0.2537E+02
   0.477  0.1161E+01  0.2538E+02
   0.487  0.1158E+01  0.2539E+02
   0.497  0.1162E+01  0.2540E+02
   0.507  0.1165E+01  0.2541E+02
   0.517  0.1168E+01  0.2542E+02
   0.527  0.1172E+01  0.2544E+02
   0.537  0.1175E+01  0.2545E+02
   0.547  0.1178E+01  0.2546E+02
   0.557  0.1182E+01  0.2547E+02
   0.567  0.1186E+01  0.2548E+02
   0.577  0.1190E+01  0.2549E+02
   0.587  0.1194E+01  0.2551E+02
   0.597  0.1197E+01  0.2552E+02
   0.607  0.1201E+01  0.2553E+02
   0.617  0.1205E+01  0.2554E+02
   0.627  0.1209E+01  0.2555E+02
   0.637  0.1212E+01  0.2557E+02
   0.647  0.1216E+01  0.2558E+02
   0.657  0.1220E+01  0.2559E+02
   0.667  0.1223E+01  0.2560E+02
   0.677  0.1227E+01  0.2562E+02
   0.687  0.1344E+01  0.2563E+02
   0.697  0.1338E+01  0.2564E+02
   0.707  0.1345E+01  0.2565E+02
   0.717  0.1352E+01  0.2567E+02
   0.727  0.1359E+01  0.2568E+02
   0.737  0.1366E+01  0.2570E+02
   0.747  0.1370E+01  0.2571E+02
   0.757  0.1375E+01  0.2572E+02
   0.767  0.1381E+01  0.2574E+02
   0.777  0.1390E+01  0.2575E+02
   0.787  0.1399E+01  0.2576E+02
   0.797  0.1456E+01  0.2578E+02
   0.807  0.1215E+01  0.2579E+02
   0.817  0.1213E+01  0.2580E+02
   0.827  0.1212E+01  0.2582E+02
   0.837  0.1211E+01  0.2583E+02
   0.847  0.1209E+01  0.2584E+02
   0.857  0.1208E+01  0.2585E+02
   0.867  0.1207E+01  0.2586E+02
   0.877  0.1205E+01  0.2588E+02
   0.887  0.1204E+01  0.2589E+02
   0.897  0.1203E+01  0.2590E+02
   0.907  0.1201E+01  0.2591E+02
   0.917  0.1200E+01  0.2592E+02
   0.927  0.1199E+01  0.2594E+02
   0.937  0.1197E+01  0.2595E+02
   0.947  0.1196E+01  0.2596E+02
   0.957  0.1238E+01  0.2597E+02
   0.967  0.1237E+01  0.2598E+02
   0.977  0.1236E+01  0.2600E+02
   0.987  0.1235E+01  0.2601E+02
   0.997  0.1234E+01  0.2602E+02
   1.007  0.1233E+01  0.2603E+02
   1.017  0.1232E+01  0.2605E+02
   1.027  0.1231E+01  0.2606E+02
   1.037  0.1230E+01  0.2607E+02
   1.047  0.1229E+01  0.2608E+02
   1.057  0.1228E+01  0.2610E+02
   1.067  0.1227E+01  0.2611E+02
   1.077  0.1226E+01  0.2612E+02
   1.087  0.1225E+01  0.2613E+02
   1.097  0.1223E+01  0.2614E+02
   1.107  0.1218E+01  0.2616E+02
   1.117  0.1212E+01  0.2617E+02
   1.127  0.1353E+01  0.2618E+02
   1.137  0.1344E+01  0.2619E+02
   1.147  0.1336E+01  0.2621E+02
   1.157  0.1330E+01  0.2622E+02
   1.167  0.1332E+01  0.2623E+02
   1.177  0.1334E+01  0.2625E+02
   1.187  0.1303E+01  0.2626E+02
   1.197  0.1306E+01  0.2627E+02
   1.207  0.1308E+01  0.2629E+02
   1.217  0.1310E+01  0.2630E+02
   1.227  0.1312E+01  0.2631E+02
   1.237  0.1319E+01  0.2633E+02
   1.247  0.1328E+01  0.2634E+02
   1.257  0.1336E+01  0.2635E+02
   1.267  0.1345E+01  0.2637E+02
   1.277  0.1353E+01  0.2638E+02
   1.287  0.1362E+01  0.2639E+02
   1.297  0.1375E+01  0.2641E+02
   1.307  0.1391E+01  0.2642E+02
   1.317  0.1262E+01  0.2643E+02
   1.327  0.1284E+01  0.2645E+02
   1.337  0.1306E+01  0.2646E+02
   1.347  0.1327E+01  0.2647E+02
   1.357  0.1336E+01  0.2649E+02
   1.367  0.1340E+01  0.2650E+02
   1.377  0.1345E+01  0.2651E+02
   1.387  0.1349E+01  0.2653E+02
   1.397  0.1354E+01  0.2654E+02
   1.407  0.1358E+01  0.2655E+02
   1.417  0.1362E+01  0.2657E+02
   1.427  0.1364E+01  0.2658E+02
   1.437  0.1360E+01  0.2659E+02
   1.447  0.1356E+01  0.2661E+02
   1.457  0.1352E+01  0.2662E+02
   1.467  0.1347E+01  0.2664E+02
   1.477  0.1343E+01  0.2665E+02
   1.487  0.1339E+01  0.2666E+02
   1.497  0.1335E+01  0.2668E+02
   1.507  0.1331E+01  0.2669E+02
   1.517  0.1326E+01  0.2670E+02
   1.527  0.1322E+01  0.2672E+02
   1.537  0.1318E+01  0.2673E+02
   1.547  0.1314E+01  0.2674E+02
   1.557  0.1556E+01  0.2676E+02
   1.567  0.1533E+01  0.2677E+02
   1.577  0.1511E+01  0.2679E+02
   1.587  0.1489E+01  0.2680E+02
   1.597  0.1461E+01  0.2682E+02
   1.607  0.1434E+01  0.2683E+02
   1.617  0.1407E+01  0.2685E+02
   1.627  0.1380E+01  0.2686E+02
   1.637  0.1353E+01  0.2687E+02
   1.647  0.1326E+01  0.2689E+02
   1.657  0.1316E+01  0.2690E+02
   1.667  0.1315E+01  0.2691E+02
   1.677  0.1360E+01  0.2693E+02
   1.687  0.1367E+01  0.2694E+02
   1.697  0.1373E+01  0.2695E+02
   1.707  0.1380E+01  0.2697E+02
   1.717  0.1387E+01  0.2698E+02
   1.727  0.1394E+01  0.2699E+02
   1.737  0.1399E+01  0.2701E+02
   1.747  0.1410E+01  0.2702E+02
   1.757  0.1422E+01  0.2704E+02
   1.767  0.1434E+01  0.2705E+02
   1.777  0.1445E+01  0.2707E+02
   1.787  0.1455E+01  0.2708E+02
   1.797  0.1465E+01  0.2709E+02
   1.807  0.1475E+01  0.2711E+02
   1.817  0.1485E+01  0.2712E+02
   1.827  0.1496E+01  0.2714E+02
   1.837  0.1506E+01  0.2715E+02
   1.847  0.1516E+01  0.2717E+02
   1.857  0.1527E+01  0.2718E+02
   1.867  0.1537E+01  0.2720E+02
   1.877  0.1547E+01  0.2722E+02
   1.887  0.1558E+01  0.2723E+02
   1.897  0.1568E+01  0.2725E+02
   1.907  0.1579E+01  0.2726E+02
   1.917  0.1590E+01  0.2728E+02
   1.927  0.1601E+01  0.2729E+02
   1.937  0.1495E+01  0.2731E+02
   1.947  0.1510E+01  0.2732E+02
   1.957  0.1525E+01  0.2734E+02
   1.967  0.1539E+01  0.2735E+02
   1.977  0.1553E+01  0.2737E+02
   1.987  0.1567E+01  0.2739E+02
   1.997  0.1791E+01  0.2740E+02
   2.007  0.1775E+01  0.2742E+02
   2.017  0.1759E+01  0.2744E+02
   2.027  0.1743E+01  0.2746E+02
   2.037  0.1733E+01  0.2747E+02
   2.047  0.1725E+01  0.2749E+02
   2.057  0.1716E+01  0.2751E+02
   2.067  0.1682E+01  0.2752E+02
   2.077  0.1648E+01  0.2754E+02
   2.087  0.1614E+01  0.2756E+02
   2.097  0.1581E+01  0.2757E+02
   2.107  0.1567E+01  0.2759E+02
   2.117  0.1563E+01  0.2761E+02
   2.127  0.1563E+01  0.2762E+02
   2.137  0.1564E+01  0.2764E+02
   2.147  0.1565E+01  0.2765E+02
   2.157  0.1566E+01  0.2767E+02
   2.167  0.1566E+01  0.2768E+02
   2.177  0.1567E+01  0.2770E+02
   2.187  0.1568E+01  0.2771E+02
   2.197  0.1568E+01  0.2773E+02
   2.207  0.1569E+01  0.2775E+02
   2.217  0.1659E+01  0.2776E+02
   2.227  0.1669E+01  0.2778E+02
   2.237  0.1679E+01  0.2780E+02
   2.247  0.1689E+01  0.2781E+02
   2.257  0.1699E+01  0.2783E+02
   2.267  0.1708E+01  0.2785E+02
   2.277  0.1717E+01  0.2786E+02
   2.287  0.1725E+01  0.2788E+02
   2.297  0.1734E+01  0.2790E+02
   2.307  0.1743E+01  0.2792E+02
   2.317  0.1752E+01  0.2793E+02
   2.327  0.1761E+01  0.2795E+02
   2.337  0.1769E+01  0.2797E+02
   2.347  0.1778E+01  0.2799E+02
   2.357  0.1787E+01  0.2800E+02
   2.367  0.1796E+01  0.2802E+02
   2.377  0.1805E+01  0.2804E+02
   2.387  0.1824E+01  0.2806E+02
   2.397  0.1856E+01  0.2808E+02
   2.407  0.1888E+01  0.2809E+02
   2.417  0.1920E+01  0.2811E+02
   2.427  0.1968E+01  0.2813E+02
   2.437  0.2020E+01  0.2815E+02
   2.447  0.2073E+01  0.2817E+02
   2.457  0.2495E+01  0.2820E+02
   2.467  0.2562E+01  0.2822E+02
   2.477  0.2628E+01  0.2825E+02
   2.487  0.2674E+01  0.2827E+02
   2.497  0.2663E+01  0.2830E+02
   2.507  0.2602E+01  0.2833E+02
   2.517  0.2540E+01  0.2835E+02
   2.527  0.2479E+01  0.2838E+02
   2.537  0.2429E+01  0.2840E+02
   2.547  0.2400E+01  0.2843E+02
   2.557  0.2558E+01  0.2845E+02
   2.567  0.2546E+01  0.2848E+02
   2.577  0.2534E+01  0.2850E+02
   2.587  0.2529E+01  0.2853E+02
   2.597  0.2528E+01  0.2855E+02
   2.607  0.2527E+01  0.2858E+02
   2.617  0.2526E+01  0.2860E+02
   2.627  0.2524E+01  0.2863E+02
   2.637  0.2523E+01  0.2865E+02
   2.647  0.2528E+01  0.2868E+02
   2.657  0.2585E+01  0.2870E+02
   2.667  0.2643E+01  0.2873E+02
   2.677  0.2700E+01  0.2876E+02
   2.687  0.2759E+01  0.2878E+02
   2.697  0.2818E+01  0.2881E+02
   2.707  0.2878E+01  0.2884E+02
   2.717  0.2939E+01  0.2887E+02
   2.727  0.3218E+01  0.2890E+02
   2.737  0.3383E+01  0.2893E+02
   2.747  0.3549E+01  0.2897E+02
   2.757  0.3715E+01  0.2900E+02
   2.767  0.3905E+01  0.2904E+02
   2.777  0.4254E+01  0.2908E+02
   2.787  0.3953E+01  0.2912E+02
   2.797  0.3651E+01  0.2916E+02
   2.807  0.3350E+01  0.2920E+02
   2.817  0.3048E+01  0.2923E+02
   2.827  0.2936E+01  0.2926E+02
   2.837  0.2839E+01  0.2929E+02
   2.847  0.2742E+01  0.2932E+02
   2.857  0.2645E+01  0.2934E+02
   2.867  0.2547E+01  0.2937E+02
   2.877  0.2486E+01  0.2939E+02
   2.887  0.2485E+01  0.2942E+02
   2.897  0.2485E+01  0.2944E+02
   2.907  0.2484E+01  0.2947E+02
   2.917  0.2230E+01  0.2949E+02
   2.927  0.2232E+01  0.2951E+02
   2.937  0.2235E+01  0.2954E+02
   2.947  0.2245E+01  0.2956E+02
   2.957  0.2262E+01  0.2958E+02
   2.967  0.2280E+01  0.2960E+02
   2.977  0.2338E+01  0.2963E+02
   2.987  0.2450E+01  0.2965E+02
   2.997  0.2549E+01  0.2968E+02
   3.007  0.2604E+01  0.2970E+02
   3.017  0.2659E+01  0.2973E+02
   3.027  0.2715E+01  0.2976E+02
   3.037  0.2778E+01  0.2978E+02
   3.047  0.2841E+01  0.2981E+02
   3.057  0.2880E+01  0.2984E+02
   3.067  0.2856E+01  0.2987E+02
   3.077  0.2888E+01  0.2990E+02
   3.087  0.2919E+01  0.2993E+02
   3.097  0.2950E+01  0.2996E+02
   3.107  0.2982E+01  0.2998E+02
   3.117  0.3013E+01  0.3001E+02
   3.127  0.3044E+01  0.3005E+02
   3.137  0.3084E+01  0.3008E+02
   3.147  0.3127E+01  0.3011E+02
   3.157  0.3254E+01  0.3014E+02
   3.167  0.3445E+01  0.3017E+02
   3.177  0.3464E+01  0.3021E+02
   3.187  0.3476E+01  0.3024E+02
   3.197  0.3496E+01  0.3028E+02
   3.207  0.3500E+01  0.3031E+02
   3.217  0.3515E+01  0.3035E+02
   3.227  0.3530E+01  0.3038E+02
   3.237  0.3545E+01  0.3042E+02
   3.247  0.3561E+01  0.3045E+02
   3.257  0.3733E+01  0.3051E+02
   3.267  0.3707E+01  0.3055E+02
   3.277  0.4678E+01  0.3060E+02
   3.287  0.4184E+01  0.3065E+02
   3.297  0.3686E+01  0.3069E+02
   3.307  0.3185E+01  0.3072E+02
   3.317  0.2691E+01  0.3075E+02
   3.327  0.2517E+01  0.3078E+02
   3.337  0.2507E+01  0.3080E+02
   3.347  0.2503E+01  0.3083E+02
   3.357  0.2499E+01  0.3085E+02
   3.367  0.2495E+01  0.3088E+02
   3.377  0.2492E+01  0.3090E+02
   3.387  0.2488E+01  0.3093E+02
   3.397  0.2485E+01  0.3095E+02
   3.407  0.2481E+01  0.3098E+02
   3.417  0.2483E+01  0.3100E+02
   3.427  0.2508E+01  0.3103E+02
   3.437  0.2533E+01  0.3105E+02
   3.447  0.2558E+01  0.3108E+02
   3.457  0.2627E+01  0.3110E+02
   3.467  0.2725E+01  0.3113E+02
   3.477  0.2912E+01  0.3116E+02
   3.487  0.3244E+01  0.3119E+02
   3.497  0.3578E+01  0.3122E+02
   3.507  0.3911E+01  0.3126E+02
   3.517  0.4244E+01  0.3130E+02
   3.527  0.3777E+01  0.3134E+02
   3.537  0.3298E+01  0.3138E+02
   3.547  0.3129E+01  0.3141E+02
   3.557  0.3054E+01  0.3144E+02
   3.567  0.2979E+01  0.3147E+02
   3.577  0.2904E+01  0.3150E+02
   3.587  0.2770E+01  0.3153E+02
   3.597  0.2641E+01  0.3155E+02
   3.607  0.2464E+01  0.3158E+02
   3.617  0.2286E+01  0.3160E+02
   3.627  0.2108E+01  0.3163E+02
   3.637  0.1681E+01  0.3164E+02
   3.647  0.1633E+01  0.3166E+02
   3.657  0.1585E+01  0.3168E+02
   3.667  0.1517E+01  0.3169E+02
   3.677  0.1391E+01  0.3171E+02
   3.687  0.1296E+01  0.3172E+02
   3.697  0.1205E+01  0.3173E+02
   3.707  0.1114E+01  0.3174E+02
   3.717  0.1023E+01  0.3175E+02
   3.727  0.9323E+00  0.3176E+02
   3.737  0.8415E+00  0.3177E+02
   3.747  0.7506E+00  0.3178E+02
   3.757  0.6947E+00  0.3179E+02
   3.767  0.6640E+00  0.3179E+02
   3.777  0.6501E+00  0.3180E+02
   3.787  0.6362E+00  0.3181E+02
   3.797  0.6222E+00  0.3181E+02
   3.807  0.6083E+00  0.3182E+02
   3.817  0.5943E+00  0.3183E+02
   3.827  0.5804E+00  0.3183E+02
   3.837  0.5665E+00  0.3184E+02
   3.847  0.5590E+00  0.3184E+02
   3.857  0.5546E+00  0.3185E+02
   3.867  0.5502E+00  0.3185E+02
   3.877  0.5459E+00  0.3186E+02
   3.887  0.5415E+00  0.3187E+02
   3.897  0.5371E+00  0.3187E+02
   3.907  0.5328E+00  0.3188E+02
   3.917  0.5284E+00  0.3188E+02
   3.927  0.5241E+00  0.3189E+02
   3.937  0.5197E+00  0.3189E+02
   3.947  0.5153E+00  0.3190E+02
   3.957  0.5110E+00  0.3190E+02
   3.967  0.5066E+00  0.3191E+02
   3.977  0.5023E+00  0.3191E+02
   3.987  0.4979E+00  0.3192E+02
   3.997  0.4935E+00  0.3192E+02
   4.007  0.4892E+00  0.3193E+02
   4.017  0.9479E+00  0.3194E+02
   4.027  0.8780E+00  0.3194E+02
   4.037  0.8082E+00  0.3195E+02
   4.047  0.7383E+00  0.3196E+02
   4.057  0.6684E+00  0.3197E+02
   4.067  0.5985E+00  0.3197E+02
   4.077  0.5287E+00  0.3198E+02
   4.087  0.4588E+00  0.3198E+02
   4.097  0.3889E+00  0.3199E+02
   4.107  0.3191E+00  0.3199E+02
   4.117  0.2492E+00  0.3200E+02
   4.127  0.1793E+00  0.3200E+02
   4.137  0.1094E+00  0.3200E+02
   4.147  0.3958E-01  0.3200E+02
   4.157  0.2104E-02  0.3200E+02
