#  E (eV)   dos(E)     Int dos(E) EFermi =   -1.950 eV
 -17.719  0.0000E+00  0.0000E+00
 -17.709  0.1116E+01  0.5581E-02
 -17.699  0.2232E+01  0.2232E-01
 -17.689  0.1237E+01  0.3477E-01
 -17.679  0.1331E+01  0.4761E-01
 -17.669  0.1425E+01  0.6138E-01
 -17.659  0.1519E+01  0.7610E-01
 -17.649  0.1433E+01  0.9099E-01
 -17.639  0.1320E+01  0.1048E+00
 -17.629  0.1328E+01  0.1179E+00
 -17.619  0.1362E+01  0.1313E+00
 -17.609  0.1396E+01  0.1451E+00
 -17.599  0.1430E+01  0.1593E+00
 -17.589  0.1464E+01  0.1737E+00
 -17.579  0.1498E+01  0.1885E+00
 -17.569  0.1392E+01  0.2027E+00
 -17.559  0.1386E+01  0.2166E+00
 -17.549  0.1381E+01  0.2305E+00
 -17.539  0.1376E+01  0.2443E+00
 -17.529  0.1387E+01  0.2580E+00
 -17.519  0.1405E+01  0.2720E+00
 -17.509  0.1424E+01  0.2862E+00
 -17.499  0.1442E+01  0.3005E+00
 -17.489  0.1460E+01  0.3150E+00
 -17.479  0.1478E+01  0.3297E+00
 -17.469  0.1454E+01  0.3444E+00
 -17.459  0.1414E+01  0.3587E+00
 -17.449  0.1408E+01  0.3728E+00
 -17.439  0.1413E+01  0.3869E+00
 -17.429  0.1418E+01  0.4011E+00
 -17.419  0.1424E+01  0.4153E+00
 -17.409  0.1429E+01  0.4295E+00
 -17.399  0.1434E+01  0.4439E+00
 -17.389  0.1445E+01  0.4582E+00
 -17.379  0.1457E+01  0.4728E+00
 -17.369  0.1469E+01  0.4874E+00
 -17.359  0.1481E+01  0.5021E+00
 -17.349  0.1494E+01  0.5170E+00
 -17.339  0.1506E+01  0.5320E+00
 -17.329  0.1467E+01  0.5467E+00
 -17.319  0.1463E+01  0.5614E+00
 -17.309  0.1458E+01  0.5760E+00
 -17.299  0.1455E+01  0.5905E+00
 -17.289  0.1463E+01  0.6051E+00
 -17.279  0.1470E+01  0.6198E+00
 -17.269  0.1477E+01  0.6345E+00
 -17.259  0.1484E+01  0.6493E+00
 -17.249  0.1492E+01  0.6642E+00
 -17.239  0.1499E+01  0.6792E+00
 -17.229  0.1506E+01  0.6942E+00
 -17.219  0.1515E+01  0.7093E+00
 -17.209  0.1525E+01  0.7245E+00
 -17.199  0.1536E+01  0.7398E+00
 -17.189  0.1546E+01  0.7552E+00
 -17.179  0.1544E+01  0.7707E+00
 -17.169  0.1530E+01  0.7861E+00
 -17.159  0.1531E+01  0.8014E+00
 -17.149  0.1535E+01  0.8167E+00
 -17.139  0.1540E+01  0.8321E+00
 -17.129  0.1545E+01  0.8475E+00
 -17.119  0.1549E+01  0.8630E+00
 -17.109  0.1557E+01  0.8785E+00
 -17.099  0.1568E+01  0.8941E+00
 -17.089  0.1578E+01  0.9098E+00
 -17.079  0.1588E+01  0.9257E+00
 -17.069  0.1599E+01  0.9416E+00
 -17.059  0.1609E+01  0.9576E+00
 -17.049  0.1620E+01  0.9738E+00
 -17.039  0.1630E+01  0.9900E+00
 -17.029  0.1641E+01  0.1006E+01
 -17.019  0.1654E+01  0.1023E+01
 -17.009  0.1667E+01  0.1039E+01
 -16.999  0.1668E+01  0.1056E+01
 -16.989  0.1677E+01  0.1073E+01
 -16.979  0.1685E+01  0.1090E+01
 -16.969  0.1695E+01  0.1107E+01
 -16.959  0.1712E+01  0.1124E+01
 -16.949  0.1730E+01  0.1141E+01
 -16.939  0.1747E+01  0.1158E+01
 -16.929  0.1764E+01  0.1176E+01
 -16.919  0.1782E+01  0.1194E+01
 -16.909  0.1808E+01  0.1211E+01
 -16.899  0.1840E+01  0.1230E+01
 -16.889  0.1872E+01  0.1248E+01
 -16.879  0.1904E+01  0.1267E+01
 -16.869  0.1937E+01  0.1286E+01
 -16.859  0.1969E+01  0.1306E+01
 -16.849  0.2001E+01  0.1326E+01
 -16.839  0.2034E+01  0.1346E+01
 -16.829  0.2102E+01  0.1367E+01
 -16.819  0.2170E+01  0.1388E+01
 -16.809  0.2238E+01  0.1410E+01
 -16.799  0.2303E+01  0.1433E+01
 -16.789  0.2401E+01  0.1456E+01
 -16.779  0.2501E+01  0.1481E+01
 -16.769  0.2728E+01  0.1507E+01
 -16.759  0.2978E+01  0.1535E+01
 -16.749  0.5039E+01  0.1587E+01
 -16.739  0.2451E+01  0.1617E+01
 -16.729  0.2289E+01  0.1641E+01
 -16.719  0.2127E+01  0.1663E+01
 -16.709  0.1964E+01  0.1683E+01
 -16.699  0.1802E+01  0.1702E+01
 -16.689  0.1640E+01  0.1719E+01
 -16.679  0.1477E+01  0.1735E+01
 -16.669  0.1500E+01  0.1750E+01
 -16.659  0.1533E+01  0.1765E+01
 -16.649  0.1567E+01  0.1781E+01
 -16.639  0.1601E+01  0.1796E+01
 -16.629  0.1634E+01  0.1813E+01
 -16.619  0.1087E+01  0.1825E+01
 -16.609  0.1122E+01  0.1836E+01
 -16.599  0.1122E+01  0.1847E+01
 -16.589  0.1074E+01  0.1858E+01
 -16.579  0.1026E+01  0.1869E+01
 -16.569  0.9778E+00  0.1879E+01
 -16.559  0.9297E+00  0.1888E+01
 -16.549  0.8816E+00  0.1897E+01
 -16.539  0.8335E+00  0.1906E+01
 -16.529  0.7854E+00  0.1914E+01
 -16.519  0.7372E+00  0.1922E+01
 -16.509  0.6891E+00  0.1929E+01
 -16.499  0.6410E+00  0.1935E+01
 -16.489  0.5929E+00  0.1941E+01
 -16.479  0.5522E+00  0.1947E+01
 -16.469  0.5554E+00  0.1953E+01
 -16.459  0.5586E+00  0.1958E+01
 -16.449  0.5618E+00  0.1964E+01
 -16.439  0.5650E+00  0.1970E+01
 -16.429  0.5682E+00  0.1975E+01
 -16.419  0.5714E+00  0.1981E+01
 -16.409  0.5746E+00  0.1987E+01
 -16.399  0.0000E+00  0.2000E+01
 -16.389  0.0000E+00  0.2000E+01
 -16.379  0.0000E+00  0.2000E+01
 -16.369  0.0000E+00  0.2000E+01
 -16.359  0.0000E+00  0.2000E+01
 -16.349  0.0000E+00  0.2000E+01
 -16.339  0.0000E+00  0.2000E+01
 -16.329  0.0000E+00  0.2000E+01
 -16.319  0.0000E+00  0.2000E+01
 -16.309  0.0000E+00  0.2000E+01
 -16.299  0.0000E+00  0.2000E+01
 -16.289  0.0000E+00  0.2000E+01
 -16.279  0.0000E+00  0.2000E+01
 -16.269  0.0000E+00  0.2000E+01
 -16.259  0.0000E+00  0.2000E+01
 -16.249  0.0000E+00  0.2000E+01
 -16.239  0.0000E+00  0.2000E+01
 -16.229  0.0000E+00  0.2000E+01
 -16.219  0.0000E+00  0.2000E+01
 -16.209  0.0000E+00  0.2000E+01
 -16.199  0.0000E+00  0.2000E+01
 -16.189  0.0000E+00  0.2000E+01
 -16.179  0.0000E+00  0.2000E+01
 -16.169  0.0000E+00  0.2000E+01
 -16.159  0.0000E+00  0.2000E+01
 -16.149  0.6370E+00  0.2010E+01
 -16.139  0.6209E+00  0.2017E+01
 -16.129  0.6047E+00  0.2023E+01
 -16.119  0.5886E+00  0.2029E+01
 -16.109  0.5724E+00  0.2034E+01
 -16.099  0.5563E+00  0.2040E+01
 -16.089  0.5402E+00  0.2046E+01
 -16.079  0.5316E+00  0.2051E+01
 -16.069  0.5906E+00  0.2057E+01
 -16.059  0.6495E+00  0.2063E+01
 -16.049  0.7084E+00  0.2070E+01
 -16.039  0.7674E+00  0.2077E+01
 -16.029  0.8263E+00  0.2085E+01
 -16.019  0.8853E+00  0.2093E+01
 -16.009  0.9442E+00  0.2103E+01
 -15.999  0.1003E+01  0.2112E+01
 -15.989  0.1062E+01  0.2123E+01
 -15.979  0.1121E+01  0.2134E+01
 -15.969  0.1180E+01  0.2145E+01
 -15.959  0.1239E+01  0.2157E+01
 -15.949  0.3762E+01  0.2174E+01
 -15.939  0.1848E+01  0.2202E+01
 -15.929  0.1463E+01  0.2216E+01
 -15.919  0.1693E+01  0.2232E+01
 -15.909  0.1923E+01  0.2250E+01
 -15.899  0.2717E+01  0.2272E+01
 -15.889  0.3768E+01  0.2305E+01
 -15.879  0.4818E+01  0.2348E+01
 -15.869  0.2490E+01  0.2377E+01
 -15.859  0.2385E+01  0.2402E+01
 -15.849  0.2279E+01  0.2425E+01
 -15.839  0.2173E+01  0.2447E+01
 -15.829  0.2068E+01  0.2469E+01
 -15.819  0.1962E+01  0.2489E+01
 -15.809  0.1856E+01  0.2508E+01
 -15.799  0.1785E+01  0.2526E+01
 -15.789  0.1726E+01  0.2543E+01
 -15.779  0.1667E+01  0.2560E+01
 -15.769  0.1625E+01  0.2577E+01
 -15.759  0.1589E+01  0.2593E+01
 -15.749  0.1554E+01  0.2609E+01
 -15.739  0.1518E+01  0.2624E+01
 -15.729  0.1481E+01  0.2639E+01
 -15.719  0.1441E+01  0.2654E+01
 -15.709  0.1400E+01  0.2668E+01
 -15.699  0.1361E+01  0.2682E+01
 -15.689  0.1343E+01  0.2695E+01
 -15.679  0.1324E+01  0.2708E+01
 -15.669  0.1306E+01  0.2722E+01
 -15.659  0.1288E+01  0.2735E+01
 -15.649  0.1270E+01  0.2747E+01
 -15.639  0.1258E+01  0.2760E+01
 -15.629  0.1246E+01  0.2773E+01
 -15.619  0.1233E+01  0.2785E+01
 -15.609  0.1221E+01  0.2797E+01
 -15.599  0.1209E+01  0.2809E+01
 -15.589  0.1197E+01  0.2821E+01
 -15.579  0.1185E+01  0.2833E+01
 -15.569  0.1173E+01  0.2845E+01
 -15.559  0.1161E+01  0.2857E+01
 -15.549  0.1149E+01  0.2868E+01
 -15.539  0.1137E+01  0.2880E+01
 -15.529  0.1125E+01  0.2891E+01
 -15.519  0.1112E+01  0.2902E+01
 -15.509  0.1099E+01  0.2913E+01
 -15.499  0.1085E+01  0.2924E+01
 -15.489  0.1072E+01  0.2935E+01
 -15.479  0.1059E+01  0.2946E+01
 -15.469  0.1046E+01  0.2956E+01
 -15.459  0.1033E+01  0.2967E+01
 -15.449  0.1020E+01  0.2977E+01
 -15.439  0.9778E+00  0.2987E+01
 -15.429  0.9720E+00  0.2997E+01
 -15.419  0.9663E+00  0.3006E+01
 -15.409  0.9606E+00  0.3016E+01
 -15.399  0.9548E+00  0.3026E+01
 -15.389  0.9491E+00  0.3035E+01
 -15.379  0.9434E+00  0.3045E+01
 -15.369  0.9376E+00  0.3054E+01
 -15.359  0.9319E+00  0.3063E+01
 -15.349  0.9262E+00  0.3073E+01
 -15.339  0.9204E+00  0.3082E+01
 -15.329  0.9147E+00  0.3091E+01
 -15.319  0.9089E+00  0.3100E+01
 -15.309  0.9027E+00  0.3109E+01
 -15.299  0.8962E+00  0.3118E+01
 -15.289  0.8897E+00  0.3127E+01
 -15.279  0.8832E+00  0.3136E+01
 -15.269  0.8767E+00  0.3145E+01
 -15.259  0.8702E+00  0.3154E+01
 -15.249  0.8637E+00  0.3162E+01
 -15.239  0.8572E+00  0.3171E+01
 -15.229  0.8506E+00  0.3179E+01
 -15.219  0.8441E+00  0.3188E+01
 -15.209  0.8376E+00  0.3196E+01
 -15.199  0.8311E+00  0.3205E+01
 -15.189  0.8246E+00  0.3213E+01
 -15.179  0.8162E+00  0.3221E+01
 -15.169  0.8033E+00  0.3229E+01
 -15.159  0.7905E+00  0.3237E+01
 -15.149  0.7777E+00  0.3245E+01
 -15.139  0.7649E+00  0.3253E+01
 -15.129  0.7520E+00  0.3260E+01
 -15.119  0.7477E+00  0.3268E+01
 -15.109  0.7441E+00  0.3275E+01
 -15.099  0.7403E+00  0.3283E+01
 -15.089  0.7365E+00  0.3290E+01
 -15.079  0.7326E+00  0.3297E+01
 -15.069  0.7288E+00  0.3305E+01
 -15.059  0.7250E+00  0.3312E+01
 -15.049  0.7212E+00  0.3319E+01
 -15.039  0.7173E+00  0.3326E+01
 -15.029  0.7135E+00  0.3334E+01
 -15.019  0.7097E+00  0.3341E+01
 -15.009  0.7059E+00  0.3348E+01
 -14.999  0.7021E+00  0.3355E+01
 -14.989  0.6982E+00  0.3362E+01
 -14.979  0.6944E+00  0.3369E+01
 -14.969  0.6906E+00  0.3376E+01
 -14.959  0.6868E+00  0.3383E+01
 -14.949  0.6829E+00  0.3389E+01
 -14.939  0.6791E+00  0.3396E+01
 -14.929  0.6744E+00  0.3403E+01
 -14.919  0.6685E+00  0.3410E+01
 -14.909  0.6626E+00  0.3416E+01
 -14.899  0.6568E+00  0.3423E+01
 -14.889  0.6509E+00  0.3429E+01
 -14.879  0.6450E+00  0.3436E+01
 -14.869  0.6391E+00  0.3442E+01
 -14.859  0.6333E+00  0.3449E+01
 -14.849  0.6274E+00  0.3455E+01
 -14.839  0.6215E+00  0.3461E+01
 -14.829  0.6156E+00  0.3467E+01
 -14.819  0.6097E+00  0.3474E+01
 -14.809  0.5833E+00  0.3479E+01
 -14.799  0.5807E+00  0.3485E+01
 -14.789  0.5781E+00  0.3491E+01
 -14.779  0.5755E+00  0.3497E+01
 -14.769  0.5729E+00  0.3503E+01
 -14.759  0.5703E+00  0.3508E+01
 -14.749  0.5677E+00  0.3514E+01
 -14.739  0.5651E+00  0.3520E+01
 -14.729  0.5625E+00  0.3525E+01
 -14.719  0.5600E+00  0.3531E+01
 -14.709  0.5574E+00  0.3537E+01
 -14.699  0.5544E+00  0.3542E+01
 -14.689  0.5510E+00  0.3548E+01
 -14.679  0.5477E+00  0.3553E+01
 -14.669  0.5444E+00  0.3559E+01
 -14.659  0.5410E+00  0.3564E+01
 -14.649  0.5377E+00  0.3569E+01
 -14.639  0.5344E+00  0.3575E+01
 -14.629  0.5310E+00  0.3580E+01
 -14.619  0.5277E+00  0.3585E+01
 -14.609  0.5244E+00  0.3591E+01
 -14.599  0.5210E+00  0.3596E+01
 -14.589  0.5177E+00  0.3601E+01
 -14.579  0.5143E+00  0.3606E+01
 -14.569  0.5110E+00  0.3611E+01
 -14.559  0.5077E+00  0.3616E+01
 -14.549  0.5043E+00  0.3621E+01
 -14.539  0.5010E+00  0.3626E+01
 -14.529  0.4977E+00  0.3631E+01
 -14.519  0.4923E+00  0.3636E+01
 -14.509  0.4846E+00  0.3641E+01
 -14.499  0.4770E+00  0.3646E+01
 -14.489  0.4694E+00  0.3651E+01
 -14.479  0.4618E+00  0.3656E+01
 -14.469  0.4541E+00  0.3660E+01
 -14.459  0.4465E+00  0.3665E+01
 -14.449  0.4395E+00  0.3669E+01
 -14.439  0.4373E+00  0.3673E+01
 -14.429  0.4350E+00  0.3678E+01
 -14.419  0.4328E+00  0.3682E+01
 -14.409  0.4306E+00  0.3686E+01
 -14.399  0.4283E+00  0.3691E+01
 -14.389  0.4261E+00  0.3695E+01
 -14.379  0.4239E+00  0.3699E+01
 -14.369  0.4216E+00  0.3703E+01
 -14.359  0.4194E+00  0.3708E+01
 -14.349  0.4172E+00  0.3712E+01
 -14.339  0.4149E+00  0.3716E+01
 -14.329  0.4127E+00  0.3720E+01
 -14.319  0.4105E+00  0.3724E+01
 -14.309  0.4082E+00  0.3728E+01
 -14.299  0.4060E+00  0.3732E+01
 -14.289  0.4038E+00  0.3736E+01
 -14.279  0.4015E+00  0.3741E+01
 -14.269  0.3993E+00  0.3745E+01
 -14.259  0.3959E+00  0.3748E+01
 -14.249  0.3925E+00  0.3752E+01
 -14.239  0.3890E+00  0.3756E+01
 -14.229  0.3856E+00  0.3760E+01
 -14.219  0.3822E+00  0.3764E+01
 -14.209  0.3787E+00  0.3768E+01
 -14.199  0.3753E+00  0.3772E+01
 -14.189  0.3719E+00  0.3775E+01
 -14.179  0.3684E+00  0.3779E+01
 -14.169  0.3650E+00  0.3783E+01
 -14.159  0.3616E+00  0.3786E+01
 -14.149  0.1095E+01  0.3798E+01
 -14.139  0.1157E+01  0.3809E+01
 -14.129  0.1218E+01  0.3821E+01
 -14.119  0.1280E+01  0.3834E+01
 -14.109  0.1341E+01  0.3847E+01
 -14.099  0.1383E+01  0.3861E+01
 -14.089  0.1446E+01  0.3875E+01
 -14.079  0.1446E+01  0.3889E+01
 -14.069  0.1414E+01  0.3904E+01
 -14.059  0.1382E+01  0.3918E+01
 -14.049  0.1351E+01  0.3931E+01
 -14.039  0.1272E+01  0.3944E+01
 -14.029  0.1288E+01  0.3957E+01
 -14.019  0.1304E+01  0.3970E+01
 -14.009  0.1319E+01  0.3983E+01
 -13.999  0.1335E+01  0.3996E+01
 -13.989  0.1351E+01  0.4010E+01
 -13.979  0.1367E+01  0.4023E+01
 -13.969  0.1383E+01  0.4037E+01
 -13.959  0.1398E+01  0.4051E+01
 -13.949  0.1414E+01  0.4065E+01
 -13.939  0.1430E+01  0.4079E+01
 -13.929  0.1446E+01  0.4094E+01
 -13.919  0.1462E+01  0.4108E+01
 -13.909  0.1481E+01  0.4123E+01
 -13.899  0.1421E+01  0.4137E+01
 -13.889  0.1420E+01  0.4152E+01
 -13.879  0.1418E+01  0.4166E+01
 -13.869  0.1417E+01  0.4180E+01
 -13.859  0.1415E+01  0.4194E+01
 -13.849  0.1414E+01  0.4208E+01
 -13.839  0.1415E+01  0.4222E+01
 -13.829  0.1421E+01  0.4237E+01
 -13.819  0.1428E+01  0.4251E+01
 -13.809  0.1432E+01  0.4265E+01
 -13.799  0.1436E+01  0.4280E+01
 -13.789  0.1440E+01  0.4294E+01
 -13.779  0.1444E+01  0.4308E+01
 -13.769  0.1448E+01  0.4323E+01
 -13.759  0.1452E+01  0.4337E+01
 -13.749  0.1455E+01  0.4352E+01
 -13.739  0.1459E+01  0.4366E+01
 -13.729  0.1463E+01  0.4381E+01
 -13.719  0.1467E+01  0.4396E+01
 -13.709  0.1496E+01  0.4411E+01
 -13.699  0.1505E+01  0.4426E+01
 -13.689  0.1514E+01  0.4441E+01
 -13.679  0.1525E+01  0.4456E+01
 -13.669  0.1536E+01  0.4471E+01
 -13.659  0.1543E+01  0.4487E+01
 -13.649  0.1548E+01  0.4502E+01
 -13.639  0.1553E+01  0.4517E+01
 -13.629  0.1561E+01  0.4533E+01
 -13.619  0.1569E+01  0.4549E+01
 -13.609  0.1577E+01  0.4564E+01
 -13.599  0.1585E+01  0.4580E+01
 -13.589  0.1593E+01  0.4596E+01
 -13.579  0.1601E+01  0.4612E+01
 -13.569  0.1609E+01  0.4628E+01
 -13.559  0.1616E+01  0.4644E+01
 -13.549  0.1623E+01  0.4661E+01
 -13.539  0.1631E+01  0.4677E+01
 -13.529  0.1640E+01  0.4693E+01
 -13.519  0.1657E+01  0.4710E+01
 -13.509  0.1674E+01  0.4726E+01
 -13.499  0.1691E+01  0.4743E+01
 -13.489  0.1708E+01  0.4760E+01
 -13.479  0.1725E+01  0.4777E+01
 -13.469  0.1742E+01  0.4795E+01
 -13.459  0.1759E+01  0.4812E+01
 -13.449  0.1771E+01  0.4830E+01
 -13.439  0.1782E+01  0.4848E+01
 -13.429  0.1793E+01  0.4865E+01
 -13.419  0.1803E+01  0.4883E+01
 -13.409  0.1814E+01  0.4901E+01
 -13.399  0.1825E+01  0.4920E+01
 -13.389  0.2015E+01  0.4938E+01
 -13.379  0.2121E+01  0.4959E+01
 -13.369  0.2226E+01  0.4981E+01
 -13.359  0.2321E+01  0.5003E+01
 -13.349  0.2391E+01  0.5027E+01
 -13.339  0.2450E+01  0.5051E+01
 -13.329  0.2508E+01  0.5076E+01
 -13.319  0.2566E+01  0.5101E+01
 -13.309  0.2624E+01  0.5127E+01
 -13.299  0.2744E+01  0.5154E+01
 -13.289  0.2810E+01  0.5182E+01
 -13.279  0.2863E+01  0.5210E+01
 -13.269  0.2916E+01  0.5239E+01
 -13.259  0.2969E+01  0.5269E+01
 -13.249  0.2970E+01  0.5299E+01
 -13.239  0.2566E+01  0.5326E+01
 -13.229  0.2377E+01  0.5351E+01
 -13.219  0.2270E+01  0.5374E+01
 -13.209  0.2162E+01  0.5396E+01
 -13.199  0.2055E+01  0.5417E+01
 -13.189  0.1979E+01  0.5437E+01
 -13.179  0.1919E+01  0.5457E+01
 -13.169  0.1858E+01  0.5476E+01
 -13.159  0.1798E+01  0.5494E+01
 -13.149  0.1738E+01  0.5512E+01
 -13.139  0.1678E+01  0.5529E+01
 -13.129  0.1619E+01  0.5545E+01
 -13.119  0.1592E+01  0.5561E+01
 -13.109  0.1578E+01  0.5577E+01
 -13.099  0.1563E+01  0.5593E+01
 -13.089  0.1549E+01  0.5608E+01
 -13.079  0.1534E+01  0.5624E+01
 -13.069  0.1518E+01  0.5639E+01
 -13.059  0.1501E+01  0.5654E+01
 -13.049  0.1484E+01  0.5669E+01
 -13.039  0.1445E+01  0.5684E+01
 -13.029  0.1396E+01  0.5698E+01
 -13.019  0.1346E+01  0.5712E+01
 -13.009  0.1297E+01  0.5725E+01
 -12.999  0.1248E+01  0.5738E+01
 -12.989  0.1202E+01  0.5750E+01
 -12.979  0.1156E+01  0.5762E+01
 -12.969  0.1110E+01  0.5773E+01
 -12.959  0.1064E+01  0.5784E+01
 -12.949  0.1416E+01  0.5796E+01
 -12.939  0.1360E+01  0.5810E+01
 -12.929  0.1305E+01  0.5823E+01
 -12.919  0.1249E+01  0.5836E+01
 -12.909  0.1194E+01  0.5848E+01
 -12.899  0.1138E+01  0.5860E+01
 -12.889  0.1083E+01  0.5871E+01
 -12.879  0.1028E+01  0.5882E+01
 -12.869  0.9721E+00  0.5892E+01
 -12.859  0.9167E+00  0.5901E+01
 -12.849  0.1333E+01  0.5912E+01
 -12.839  0.1258E+01  0.5925E+01
 -12.829  0.1164E+01  0.5938E+01
 -12.819  0.1069E+01  0.5949E+01
 -12.809  0.9748E+00  0.5959E+01
 -12.799  0.8803E+00  0.5968E+01
 -12.789  0.7858E+00  0.5977E+01
 -12.779  0.1108E+01  0.5991E+01
 -12.769  0.4300E+00  0.5999E+01
 -12.759  0.1473E-02  0.6000E+01
 -12.749  0.5538E-02  0.6000E+01
 -12.739  0.9602E-02  0.6000E+01
 -12.729  0.1367E-01  0.6000E+01
 -12.719  0.1773E-01  0.6000E+01
 -12.709  0.2180E-01  0.6001E+01
 -12.699  0.2586E-01  0.6001E+01
 -12.689  0.2992E-01  0.6001E+01
 -12.679  0.3399E-01  0.6001E+01
 -12.669  0.3805E-01  0.6002E+01
 -12.659  0.4212E-01  0.6002E+01
 -12.649  0.4618E-01  0.6003E+01
 -12.639  0.5025E-01  0.6003E+01
 -12.629  0.5431E-01  0.6004E+01
 -12.619  0.5838E-01  0.6004E+01
 -12.609  0.6244E-01  0.6005E+01
 -12.599  0.6650E-01  0.6005E+01
 -12.589  0.7057E-01  0.6006E+01
 -12.579  0.7463E-01  0.6007E+01
 -12.569  0.7870E-01  0.6008E+01
 -12.559  0.8276E-01  0.6008E+01
 -12.549  0.8683E-01  0.6009E+01
 -12.539  0.9089E-01  0.6010E+01
 -12.529  0.9495E-01  0.6011E+01
 -12.519  0.9902E-01  0.6012E+01
 -12.509  0.1031E+00  0.6013E+01
 -12.499  0.1071E+00  0.6014E+01
 -12.489  0.1112E+00  0.6015E+01
 -12.479  0.1153E+00  0.6016E+01
 -12.469  0.1193E+00  0.6018E+01
 -12.459  0.1234E+00  0.6019E+01
 -12.449  0.1275E+00  0.6020E+01
 -12.439  0.1315E+00  0.6021E+01
 -12.429  0.1356E+00  0.6023E+01
 -12.419  0.1607E+00  0.6024E+01
 -12.409  0.1640E+00  0.6026E+01
 -12.399  0.1674E+00  0.6027E+01
 -12.389  0.1707E+00  0.6029E+01
 -12.379  0.1740E+00  0.6031E+01
 -12.369  0.1773E+00  0.6033E+01
 -12.359  0.1806E+00  0.6034E+01
 -12.349  0.1839E+00  0.6036E+01
 -12.339  0.1873E+00  0.6038E+01
 -12.329  0.1906E+00  0.6040E+01
 -12.319  0.1939E+00  0.6042E+01
 -12.309  0.1972E+00  0.6044E+01
 -12.299  0.2005E+00  0.6046E+01
 -12.289  0.2038E+00  0.6048E+01
 -12.279  0.2071E+00  0.6050E+01
 -12.269  0.2105E+00  0.6052E+01
 -12.259  0.2138E+00  0.6054E+01
 -12.249  0.2171E+00  0.6056E+01
 -12.239  0.2204E+00  0.6058E+01
 -12.229  0.2237E+00  0.6061E+01
 -12.219  0.2270E+00  0.6063E+01
 -12.209  0.2304E+00  0.6065E+01
 -12.199  0.2337E+00  0.6067E+01
 -12.189  0.3880E+00  0.6070E+01
 -12.179  0.6101E+00  0.6075E+01
 -12.169  0.7751E+00  0.6082E+01
 -12.159  0.8538E+00  0.6091E+01
 -12.149  0.9325E+00  0.6100E+01
 -12.139  0.1011E+01  0.6109E+01
 -12.129  0.1090E+01  0.6120E+01
 -12.119  0.1180E+01  0.6131E+01
 -12.109  0.1269E+01  0.6143E+01
 -12.099  0.1340E+01  0.6156E+01
 -12.089  0.1404E+01  0.6170E+01
 -12.079  0.1469E+01  0.6184E+01
 -12.069  0.1533E+01  0.6199E+01
 -12.059  0.1598E+01  0.6215E+01
 -12.049  0.1662E+01  0.6231E+01
 -12.039  0.1726E+01  0.6248E+01
 -12.029  0.1790E+01  0.6266E+01
 -12.019  0.1854E+01  0.6284E+01
 -12.009  0.1918E+01  0.6303E+01
 -11.999  0.1982E+01  0.6323E+01
 -11.989  0.1868E+01  0.6341E+01
 -11.979  0.1870E+01  0.6360E+01
 -11.969  0.1873E+01  0.6379E+01
 -11.959  0.1876E+01  0.6397E+01
 -11.949  0.1904E+01  0.6416E+01
 -11.939  0.1935E+01  0.6436E+01
 -11.929  0.1965E+01  0.6455E+01
 -11.919  0.1996E+01  0.6475E+01
 -11.909  0.2027E+01  0.6495E+01
 -11.899  0.2073E+01  0.6515E+01
 -11.889  0.2276E+01  0.6537E+01
 -11.879  0.2481E+01  0.6561E+01
 -11.869  0.2613E+01  0.6587E+01
 -11.859  0.2618E+01  0.6613E+01
 -11.849  0.2624E+01  0.6639E+01
 -11.839  0.2629E+01  0.6665E+01
 -11.829  0.2585E+01  0.6691E+01
 -11.819  0.2502E+01  0.6717E+01
 -11.809  0.2418E+01  0.6741E+01
 -11.799  0.2334E+01  0.6765E+01
 -11.789  0.2251E+01  0.6788E+01
 -11.779  0.2132E+01  0.6810E+01
 -11.769  0.2011E+01  0.6831E+01
 -11.759  0.1890E+01  0.6850E+01
 -11.749  0.1768E+01  0.6869E+01
 -11.739  0.1647E+01  0.6886E+01
 -11.729  0.1528E+01  0.6902E+01
 -11.719  0.1516E+01  0.6917E+01
 -11.709  0.1504E+01  0.6932E+01
 -11.699  0.1492E+01  0.6947E+01
 -11.689  0.1480E+01  0.6962E+01
 -11.679  0.1468E+01  0.6976E+01
 -11.669  0.1456E+01  0.6991E+01
 -11.659  0.1443E+01  0.7006E+01
 -11.649  0.1431E+01  0.7020E+01
 -11.639  0.1419E+01  0.7034E+01
 -11.629  0.1407E+01  0.7048E+01
 -11.619  0.1395E+01  0.7062E+01
 -11.609  0.1383E+01  0.7076E+01
 -11.599  0.1371E+01  0.7090E+01
 -11.589  0.1359E+01  0.7104E+01
 -11.579  0.1332E+01  0.7117E+01
 -11.569  0.1302E+01  0.7130E+01
 -11.559  0.1282E+01  0.7143E+01
 -11.549  0.1266E+01  0.7156E+01
 -11.539  0.1258E+01  0.7169E+01
 -11.529  0.1250E+01  0.7181E+01
 -11.519  0.1243E+01  0.7194E+01
 -11.509  0.1236E+01  0.7206E+01
 -11.499  0.1230E+01  0.7218E+01
 -11.489  0.1224E+01  0.7231E+01
 -11.479  0.1218E+01  0.7243E+01
 -11.469  0.1212E+01  0.7255E+01
 -11.459  0.1206E+01  0.7267E+01
 -11.449  0.1204E+01  0.7279E+01
 -11.439  0.1204E+01  0.7291E+01
 -11.429  0.1205E+01  0.7303E+01
 -11.419  0.1205E+01  0.7315E+01
 -11.409  0.9966E+00  0.7326E+01
 -11.399  0.9877E+00  0.7336E+01
 -11.389  0.9788E+00  0.7345E+01
 -11.379  0.9700E+00  0.7355E+01
 -11.369  0.9611E+00  0.7365E+01
 -11.359  0.9522E+00  0.7374E+01
 -11.349  0.9433E+00  0.7384E+01
 -11.339  0.9344E+00  0.7393E+01
 -11.329  0.9255E+00  0.7403E+01
 -11.319  0.9166E+00  0.7412E+01
 -11.309  0.9077E+00  0.7421E+01
 -11.299  0.8989E+00  0.7430E+01
 -11.289  0.8900E+00  0.7439E+01
 -11.279  0.8811E+00  0.7448E+01
 -11.269  0.8722E+00  0.7457E+01
 -11.259  0.8633E+00  0.7465E+01
 -11.249  0.8544E+00  0.7474E+01
 -11.239  0.8455E+00  0.7482E+01
 -11.229  0.8366E+00  0.7491E+01
 -11.219  0.8278E+00  0.7499E+01
 -11.209  0.8189E+00  0.7507E+01
 -11.199  0.8100E+00  0.7515E+01
 -11.189  0.8011E+00  0.7523E+01
 -11.179  0.7922E+00  0.7531E+01
 -11.169  0.7833E+00  0.7539E+01
 -11.159  0.7744E+00  0.7547E+01
 -11.149  0.7655E+00  0.7555E+01
 -11.139  0.7567E+00  0.7562E+01
 -11.129  0.7478E+00  0.7570E+01
 -11.119  0.7389E+00  0.7577E+01
 -11.109  0.7300E+00  0.7585E+01
 -11.099  0.7211E+00  0.7592E+01
 -11.089  0.7382E+00  0.7599E+01
 -11.079  0.8122E+00  0.7607E+01
 -11.069  0.8886E+00  0.7615E+01
 -11.059  0.9699E+00  0.7625E+01
 -11.049  0.1058E+01  0.7635E+01
 -11.039  0.1147E+01  0.7646E+01
 -11.029  0.1235E+01  0.7658E+01
 -11.019  0.6298E+00  0.7665E+01
 -11.009  0.6233E+00  0.7671E+01
 -10.999  0.6168E+00  0.7677E+01
 -10.989  0.6103E+00  0.7683E+01
 -10.979  0.6038E+00  0.7689E+01
 -10.969  0.5973E+00  0.7695E+01
 -10.959  0.5908E+00  0.7701E+01
 -10.949  0.5843E+00  0.7707E+01
 -10.939  0.5779E+00  0.7713E+01
 -10.929  0.5714E+00  0.7719E+01
 -10.919  0.5649E+00  0.7724E+01
 -10.909  0.5584E+00  0.7730E+01
 -10.899  0.5519E+00  0.7736E+01
 -10.889  0.5454E+00  0.7741E+01
 -10.879  0.7109E+00  0.7747E+01
 -10.869  0.9644E+00  0.7755E+01
 -10.859  0.1218E+01  0.7766E+01
 -10.849  0.1471E+01  0.7780E+01
 -10.839  0.1725E+01  0.7796E+01
 -10.829  0.1979E+01  0.7814E+01
 -10.819  0.2119E+01  0.7834E+01
 -10.809  0.2395E+01  0.7857E+01
 -10.799  0.2671E+01  0.7882E+01
 -10.789  0.2946E+01  0.7910E+01
 -10.779  0.3222E+01  0.7941E+01
 -10.769  0.3498E+01  0.7975E+01
 -10.759  0.3255E+01  0.8010E+01
 -10.749  0.3039E+01  0.8041E+01
 -10.739  0.2955E+01  0.8071E+01
 -10.729  0.8101E+01  0.8102E+01
 -10.719  0.2647E+01  0.8150E+01
 -10.709  0.2490E+01  0.8176E+01
 -10.699  0.2333E+01  0.8200E+01
 -10.689  0.2144E+01  0.8222E+01
 -10.679  0.1929E+01  0.8243E+01
 -10.669  0.1721E+01  0.8261E+01
 -10.659  0.1681E+01  0.8278E+01
 -10.649  0.1804E+01  0.8295E+01
 -10.639  0.1774E+01  0.8313E+01
 -10.629  0.1758E+01  0.8330E+01
 -10.619  0.1741E+01  0.8348E+01
 -10.609  0.1725E+01  0.8365E+01
 -10.599  0.1708E+01  0.8382E+01
 -10.589  0.1692E+01  0.8399E+01
 -10.579  0.1675E+01  0.8416E+01
 -10.569  0.1261E+01  0.8431E+01
 -10.559  0.1386E+01  0.8444E+01
 -10.549  0.1512E+01  0.8459E+01
 -10.539  0.1638E+01  0.8474E+01
 -10.529  0.1763E+01  0.8491E+01
 -10.519  0.1889E+01  0.8510E+01
 -10.509  0.1563E+01  0.8527E+01
 -10.499  0.1575E+01  0.8543E+01
 -10.489  0.1586E+01  0.8559E+01
 -10.479  0.1598E+01  0.8575E+01
 -10.469  0.1610E+01  0.8591E+01
 -10.459  0.1621E+01  0.8607E+01
 -10.449  0.1633E+01  0.8623E+01
 -10.439  0.1645E+01  0.8640E+01
 -10.429  0.1656E+01  0.8656E+01
 -10.419  0.1668E+01  0.8673E+01
 -10.409  0.1680E+01  0.8689E+01
 -10.399  0.1691E+01  0.8706E+01
 -10.389  0.2416E+01  0.8724E+01
 -10.379  0.2255E+01  0.8747E+01
 -10.369  0.2081E+01  0.8769E+01
 -10.359  0.1906E+01  0.8789E+01
 -10.349  0.1732E+01  0.8807E+01
 -10.339  0.1567E+01  0.8824E+01
 -10.329  0.1517E+01  0.8839E+01
 -10.319  0.1509E+01  0.8854E+01
 -10.309  0.1501E+01  0.8869E+01
 -10.299  0.1494E+01  0.8884E+01
 -10.289  0.1495E+01  0.8899E+01
 -10.279  0.1500E+01  0.8914E+01
 -10.269  0.1505E+01  0.8929E+01
 -10.259  0.1510E+01  0.8944E+01
 -10.249  0.1514E+01  0.8959E+01
 -10.239  0.1519E+01  0.8974E+01
 -10.229  0.1524E+01  0.8989E+01
 -10.219  0.1529E+01  0.9005E+01
 -10.209  0.1534E+01  0.9020E+01
 -10.199  0.1539E+01  0.9035E+01
 -10.189  0.1544E+01  0.9051E+01
 -10.179  0.1549E+01  0.9066E+01
 -10.169  0.1441E+01  0.9089E+01
 -10.159  0.1452E+01  0.9103E+01
 -10.149  0.1463E+01  0.9118E+01
 -10.139  0.1415E+01  0.9132E+01
 -10.129  0.1414E+01  0.9146E+01
 -10.119  0.1413E+01  0.9160E+01
 -10.109  0.1413E+01  0.9174E+01
 -10.099  0.1412E+01  0.9188E+01
 -10.089  0.1411E+01  0.9203E+01
 -10.079  0.1415E+01  0.9217E+01
 -10.069  0.1424E+01  0.9231E+01
 -10.059  0.1433E+01  0.9245E+01
 -10.049  0.1442E+01  0.9259E+01
 -10.039  0.1451E+01  0.9274E+01
 -10.029  0.1459E+01  0.9289E+01
 -10.019  0.1468E+01  0.9303E+01
 -10.009  0.1477E+01  0.9318E+01
  -9.999  0.1486E+01  0.9333E+01
  -9.989  0.1495E+01  0.9348E+01
  -9.979  0.1503E+01  0.9363E+01
  -9.969  0.1512E+01  0.9378E+01
  -9.959  0.1521E+01  0.9393E+01
  -9.949  0.1922E+01  0.9441E+01
  -9.939  0.1906E+01  0.9460E+01
  -9.929  0.1889E+01  0.9479E+01
  -9.919  0.1876E+01  0.9498E+01
  -9.909  0.1866E+01  0.9517E+01
  -9.899  0.1855E+01  0.9535E+01
  -9.889  0.1845E+01  0.9554E+01
  -9.879  0.1834E+01  0.9572E+01
  -9.869  0.1823E+01  0.9591E+01
  -9.859  0.1811E+01  0.9609E+01
  -9.849  0.1800E+01  0.9627E+01
  -9.839  0.1788E+01  0.9645E+01
  -9.829  0.1728E+01  0.9662E+01
  -9.819  0.1711E+01  0.9679E+01
  -9.809  0.1694E+01  0.9696E+01
  -9.799  0.1676E+01  0.9713E+01
  -9.789  0.1659E+01  0.9730E+01
  -9.779  0.1642E+01  0.9746E+01
  -9.769  0.1624E+01  0.9763E+01
  -9.759  0.1610E+01  0.9779E+01
  -9.749  0.1597E+01  0.9795E+01
  -9.739  0.1584E+01  0.9811E+01
  -9.729  0.1571E+01  0.9827E+01
  -9.719  0.1558E+01  0.9842E+01
  -9.709  0.1545E+01  0.9858E+01
  -9.699  0.1533E+01  0.9873E+01
  -9.689  0.1523E+01  0.9889E+01
  -9.679  0.1526E+01  0.9904E+01
  -9.669  0.1529E+01  0.9919E+01
  -9.659  0.1533E+01  0.9934E+01
  -9.649  0.1536E+01  0.9950E+01
  -9.639  0.1539E+01  0.9965E+01
  -9.629  0.1542E+01  0.9980E+01
  -9.619  0.1545E+01  0.9996E+01
  -9.609  0.1549E+01  0.1001E+02
  -9.599  0.1552E+01  0.1003E+02
  -9.589  0.1555E+01  0.1004E+02
  -9.579  0.1558E+01  0.1006E+02
  -9.569  0.1561E+01  0.1007E+02
  -9.559  0.1565E+01  0.1009E+02
  -9.549  0.1568E+01  0.1010E+02
  -9.539  0.1571E+01  0.1012E+02
  -9.529  0.1574E+01  0.1014E+02
  -9.519  0.1452E+01  0.1015E+02
  -9.509  0.1460E+01  0.1017E+02
  -9.499  0.1469E+01  0.1018E+02
  -9.489  0.1477E+01  0.1020E+02
  -9.479  0.1479E+01  0.1021E+02
  -9.469  0.1469E+01  0.1022E+02
  -9.459  0.1478E+01  0.1024E+02
  -9.449  0.1487E+01  0.1025E+02
  -9.439  0.1495E+01  0.1027E+02
  -9.429  0.1499E+01  0.1028E+02
  -9.419  0.1503E+01  0.1030E+02
  -9.409  0.1508E+01  0.1031E+02
  -9.399  0.1513E+01  0.1033E+02
  -9.389  0.1513E+01  0.1034E+02
  -9.379  0.1504E+01  0.1036E+02
  -9.369  0.1494E+01  0.1037E+02
  -9.359  0.1484E+01  0.1039E+02
  -9.349  0.1475E+01  0.1040E+02
  -9.339  0.1465E+01  0.1042E+02
  -9.329  0.1455E+01  0.1043E+02
  -9.319  0.1446E+01  0.1045E+02
  -9.309  0.1436E+01  0.1046E+02
  -9.299  0.1426E+01  0.1048E+02
  -9.289  0.1417E+01  0.1049E+02
  -9.279  0.1407E+01  0.1051E+02
  -9.269  0.1397E+01  0.1052E+02
  -9.259  0.1388E+01  0.1053E+02
  -9.249  0.1378E+01  0.1055E+02
  -9.239  0.1368E+01  0.1056E+02
  -9.229  0.1359E+01  0.1057E+02
  -9.219  0.1351E+01  0.1059E+02
  -9.209  0.1352E+01  0.1060E+02
  -9.199  0.1353E+01  0.1061E+02
  -9.189  0.1354E+01  0.1063E+02
  -9.179  0.1371E+01  0.1064E+02
  -9.169  0.1401E+01  0.1066E+02
  -9.159  0.1432E+01  0.1067E+02
  -9.149  0.1462E+01  0.1068E+02
  -9.139  0.1493E+01  0.1070E+02
  -9.129  0.1524E+01  0.1071E+02
  -9.119  0.1556E+01  0.1073E+02
  -9.109  0.1595E+01  0.1075E+02
  -9.099  0.1635E+01  0.1076E+02
  -9.089  0.1676E+01  0.1078E+02
  -9.079  0.1714E+01  0.1080E+02
  -9.069  0.1748E+01  0.1081E+02
  -9.059  0.1834E+01  0.1083E+02
  -9.049  0.1815E+01  0.1085E+02
  -9.039  0.1787E+01  0.1087E+02
  -9.029  0.1758E+01  0.1088E+02
  -9.019  0.1730E+01  0.1090E+02
  -9.009  0.1702E+01  0.1092E+02
  -8.999  0.1674E+01  0.1094E+02
  -8.989  0.1645E+01  0.1095E+02
  -8.979  0.1617E+01  0.1097E+02
  -8.969  0.1589E+01  0.1098E+02
  -8.959  0.1866E+01  0.1101E+02
  -8.949  0.1836E+01  0.1103E+02
  -8.939  0.1805E+01  0.1105E+02
  -8.929  0.1775E+01  0.1106E+02
  -8.919  0.1744E+01  0.1108E+02
  -8.909  0.1713E+01  0.1110E+02
  -8.899  0.1683E+01  0.1112E+02
  -8.889  0.1652E+01  0.1113E+02
  -8.879  0.1622E+01  0.1115E+02
  -8.869  0.1611E+01  0.1117E+02
  -8.859  0.1632E+01  0.1118E+02
  -8.849  0.1652E+01  0.1120E+02
  -8.839  0.1672E+01  0.1121E+02
  -8.829  0.1693E+01  0.1123E+02
  -8.819  0.1713E+01  0.1125E+02
  -8.809  0.1737E+01  0.1127E+02
  -8.799  0.1763E+01  0.1128E+02
  -8.789  0.1914E+01  0.1130E+02
  -8.779  0.1968E+01  0.1132E+02
  -8.769  0.2022E+01  0.1134E+02
  -8.759  0.2076E+01  0.1136E+02
  -8.749  0.2131E+01  0.1138E+02
  -8.739  0.2187E+01  0.1140E+02
  -8.729  0.2243E+01  0.1143E+02
  -8.719  0.2312E+01  0.1145E+02
  -8.709  0.2352E+01  0.1147E+02
  -8.699  0.2393E+01  0.1150E+02
  -8.689  0.2433E+01  0.1152E+02
  -8.679  0.2474E+01  0.1155E+02
  -8.669  0.2499E+01  0.1157E+02
  -8.659  0.2512E+01  0.1160E+02
  -8.649  0.2524E+01  0.1162E+02
  -8.639  0.2601E+01  0.1165E+02
  -8.629  0.2622E+01  0.1167E+02
  -8.619  0.2643E+01  0.1170E+02
  -8.609  0.2664E+01  0.1173E+02
  -8.599  0.2684E+01  0.1175E+02
  -8.589  0.2705E+01  0.1178E+02
  -8.579  0.2431E+01  0.1180E+02
  -8.569  0.2454E+01  0.1183E+02
  -8.559  0.2471E+01  0.1185E+02
  -8.549  0.2877E+01  0.1188E+02
  -8.539  0.3120E+01  0.1191E+02
  -8.529  0.3364E+01  0.1194E+02
  -8.519  0.3607E+01  0.1198E+02
  -8.509  0.3851E+01  0.1201E+02
  -8.499  0.3544E+01  0.1205E+02
  -8.489  0.3744E+01  0.1209E+02
  -8.479  0.4136E+01  0.1213E+02
  -8.469  0.4533E+01  0.1217E+02
  -8.459  0.4940E+01  0.1222E+02
  -8.449  0.5347E+01  0.1227E+02
  -8.439  0.5752E+01  0.1232E+02
  -8.429  0.4269E+01  0.1238E+02
  -8.419  0.3390E+01  0.1242E+02
  -8.409  0.2511E+01  0.1245E+02
  -8.399  0.2065E+01  0.1247E+02
  -8.389  0.1624E+01  0.1249E+02
  -8.379  0.1513E+01  0.1250E+02
  -8.369  0.1507E+01  0.1252E+02
  -8.359  0.1500E+01  0.1253E+02
  -8.349  0.1493E+01  0.1255E+02
  -8.339  0.1484E+01  0.1256E+02
  -8.329  0.1475E+01  0.1258E+02
  -8.319  0.1466E+01  0.1259E+02
  -8.309  0.1464E+01  0.1261E+02
  -8.299  0.1474E+01  0.1262E+02
  -8.289  0.1485E+01  0.1264E+02
  -8.279  0.1532E+01  0.1265E+02
  -8.269  0.1553E+01  0.1267E+02
  -8.259  0.1574E+01  0.1268E+02
  -8.249  0.2662E+01  0.1271E+02
  -8.239  0.2913E+01  0.1273E+02
  -8.229  0.3165E+01  0.1276E+02
  -8.219  0.3412E+01  0.1280E+02
  -8.209  0.3656E+01  0.1283E+02
  -8.199  0.3901E+01  0.1287E+02
  -8.189  0.7049E+01  0.1292E+02
  -8.179  0.6190E+01  0.1299E+02
  -8.169  0.5613E+01  0.1304E+02
  -8.159  0.5139E+01  0.1310E+02
  -8.149  0.4664E+01  0.1315E+02
  -8.139  0.4254E+01  0.1319E+02
  -8.129  0.4244E+01  0.1323E+02
  -8.119  0.4232E+01  0.1328E+02
  -8.109  0.4334E+01  0.1332E+02
  -8.099  0.4556E+01  0.1336E+02
  -8.089  0.4799E+01  0.1341E+02
  -8.079  0.4942E+01  0.1346E+02
  -8.069  0.5038E+01  0.1351E+02
  -8.059  0.4158E+01  0.1356E+02
  -8.049  0.4237E+01  0.1360E+02
  -8.039  0.4318E+01  0.1365E+02
  -8.029  0.4414E+01  0.1369E+02
  -8.019  0.4511E+01  0.1373E+02
  -8.009  0.3785E+01  0.1378E+02
  -7.999  0.3591E+01  0.1382E+02
  -7.989  0.3397E+01  0.1385E+02
  -7.979  0.3203E+01  0.1388E+02
  -7.969  0.3009E+01  0.1391E+02
  -7.959  0.2816E+01  0.1394E+02
  -7.949  0.2709E+01  0.1397E+02
  -7.939  0.2622E+01  0.1400E+02
  -7.929  0.2536E+01  0.1402E+02
  -7.919  0.2449E+01  0.1405E+02
  -7.909  0.2369E+01  0.1407E+02
  -7.899  0.2756E+01  0.1410E+02
  -7.889  0.2835E+01  0.1412E+02
  -7.879  0.2914E+01  0.1415E+02
  -7.869  0.2993E+01  0.1418E+02
  -7.859  0.2838E+01  0.1421E+02
  -7.849  0.2607E+01  0.1424E+02
  -7.839  0.2376E+01  0.1426E+02
  -7.829  0.2145E+01  0.1429E+02
  -7.819  0.1764E+01  0.1431E+02
  -7.809  0.1013E+01  0.1432E+02
  -7.799  0.4839E+00  0.1433E+02
  -7.789  0.4866E+00  0.1433E+02
  -7.779  0.4908E+00  0.1434E+02
  -7.769  0.5008E+00  0.1434E+02
  -7.759  0.5108E+00  0.1435E+02
  -7.749  0.5208E+00  0.1435E+02
  -7.739  0.5308E+00  0.1436E+02
  -7.729  0.5408E+00  0.1436E+02
  -7.719  0.5485E+00  0.1437E+02
  -7.709  0.5544E+00  0.1437E+02
  -7.699  0.5602E+00  0.1438E+02
  -7.689  0.5661E+00  0.1439E+02
  -7.679  0.5719E+00  0.1439E+02
  -7.669  0.5778E+00  0.1440E+02
  -7.659  0.5837E+00  0.1440E+02
  -7.649  0.5895E+00  0.1441E+02
  -7.639  0.5954E+00  0.1441E+02
  -7.629  0.6012E+00  0.1442E+02
  -7.619  0.6071E+00  0.1443E+02
  -7.609  0.6130E+00  0.1443E+02
  -7.599  0.6188E+00  0.1444E+02
  -7.589  0.6247E+00  0.1444E+02
  -7.579  0.6305E+00  0.1445E+02
  -7.569  0.6363E+00  0.1446E+02
  -7.559  0.6418E+00  0.1446E+02
  -7.549  0.6473E+00  0.1447E+02
  -7.539  0.6528E+00  0.1448E+02
  -7.529  0.6583E+00  0.1448E+02
  -7.519  0.6638E+00  0.1449E+02
  -7.509  0.6693E+00  0.1450E+02
  -7.499  0.6748E+00  0.1450E+02
  -7.489  0.6803E+00  0.1451E+02
  -7.479  0.6858E+00  0.1452E+02
  -7.469  0.6913E+00  0.1452E+02
  -7.459  0.6967E+00  0.1453E+02
  -7.449  0.8061E+00  0.1454E+02
  -7.439  0.8400E+00  0.1455E+02
  -7.429  0.8740E+00  0.1455E+02
  -7.419  0.9080E+00  0.1456E+02
  -7.409  0.9419E+00  0.1457E+02
  -7.399  0.9759E+00  0.1458E+02
  -7.389  0.1010E+01  0.1459E+02
  -7.379  0.1044E+01  0.1460E+02
  -7.369  0.1073E+01  0.1461E+02
  -7.359  0.1101E+01  0.1462E+02
  -7.349  0.1128E+01  0.1464E+02
  -7.339  0.1156E+01  0.1465E+02
  -7.329  0.1184E+01  0.1466E+02
  -7.319  0.1212E+01  0.1467E+02
  -7.309  0.1239E+01  0.1468E+02
  -7.299  0.1267E+01  0.1470E+02
  -7.289  0.1295E+01  0.1471E+02
  -7.279  0.1323E+01  0.1472E+02
  -7.269  0.1350E+01  0.1473E+02
  -7.259  0.1384E+01  0.1475E+02
  -7.249  0.2088E+01  0.1476E+02
  -7.239  0.2997E+01  0.1479E+02
  -7.229  0.3642E+01  0.1482E+02
  -7.219  0.4026E+01  0.1486E+02
  -7.209  0.4409E+01  0.1490E+02
  -7.199  0.4291E+01  0.1495E+02
  -7.189  0.4429E+01  0.1499E+02
  -7.179  0.5141E+01  0.1504E+02
  -7.169  0.5269E+01  0.1509E+02
  -7.159  0.5393E+01  0.1514E+02
  -7.149  0.5516E+01  0.1520E+02
  -7.139  0.5397E+01  0.1525E+02
  -7.129  0.5723E+01  0.1531E+02
  -7.119  0.4721E+01  0.1536E+02
  -7.109  0.3741E+01  0.1540E+02
  -7.099  0.3704E+01  0.1544E+02
  -7.089  0.3704E+01  0.1548E+02
  -7.079  0.3713E+01  0.1552E+02
  -7.069  0.3722E+01  0.1555E+02
  -7.059  0.4909E+01  0.1561E+02
  -7.049  0.2347E+01  0.1564E+02
  -7.039  0.2199E+01  0.1566E+02
  -7.029  0.2050E+01  0.1568E+02
  -7.019  0.1902E+01  0.1570E+02
  -7.009  0.1753E+01  0.1572E+02
  -6.999  0.1605E+01  0.1574E+02
  -6.989  0.1456E+01  0.1575E+02
  -6.979  0.1502E+01  0.1577E+02
  -6.969  0.1600E+01  0.1578E+02
  -6.959  0.1697E+01  0.1580E+02
  -6.949  0.1794E+01  0.1582E+02
  -6.939  0.1002E+01  0.1583E+02
  -6.929  0.9681E+00  0.1584E+02
  -6.919  0.9341E+00  0.1585E+02
  -6.909  0.9001E+00  0.1586E+02
  -6.899  0.8662E+00  0.1587E+02
  -6.889  0.8322E+00  0.1588E+02
  -6.879  0.7982E+00  0.1589E+02
  -6.869  0.7642E+00  0.1589E+02
  -6.859  0.7302E+00  0.1590E+02
  -6.849  0.6962E+00  0.1591E+02
  -6.839  0.6622E+00  0.1591E+02
  -6.829  0.6282E+00  0.1592E+02
  -6.819  0.5942E+00  0.1593E+02
  -6.809  0.5602E+00  0.1593E+02
  -6.799  0.5263E+00  0.1594E+02
  -6.789  0.4923E+00  0.1594E+02
  -6.779  0.4583E+00  0.1595E+02
  -6.769  0.4473E+00  0.1595E+02
  -6.759  0.4622E+00  0.1596E+02
  -6.749  0.4771E+00  0.1596E+02
  -6.739  0.4920E+00  0.1597E+02
  -6.729  0.5070E+00  0.1597E+02
  -6.719  0.5219E+00  0.1598E+02
  -6.709  0.5368E+00  0.1598E+02
  -6.699  0.5517E+00  0.1599E+02
  -6.689  0.0000E+00  0.1600E+02
  -6.679  0.0000E+00  0.1600E+02
  -6.669  0.0000E+00  0.1600E+02
  -6.659  0.0000E+00  0.1600E+02
  -6.649  0.0000E+00  0.1600E+02
  -6.639  0.0000E+00  0.1600E+02
  -6.629  0.0000E+00  0.1600E+02
  -6.619  0.0000E+00  0.1600E+02
  -6.609  0.0000E+00  0.1600E+02
  -6.599  0.0000E+00  0.1600E+02
  -6.589  0.0000E+00  0.1600E+02
  -6.579  0.0000E+00  0.1600E+02
  -6.569  0.0000E+00  0.1600E+02
  -6.559  0.0000E+00  0.1600E+02
  -6.549  0.0000E+00  0.1600E+02
  -6.539  0.0000E+00  0.1600E+02
  -6.529  0.0000E+00  0.1600E+02
  -6.519  0.0000E+00  0.1600E+02
  -6.509  0.0000E+00  0.1600E+02
  -6.499  0.0000E+00  0.1600E+02
  -6.489  0.0000E+00  0.1600E+02
  -6.479  0.0000E+00  0.1600E+02
  -6.469  0.0000E+00  0.1600E+02
  -6.459  0.0000E+00  0.1600E+02
  -6.449  0.0000E+00  0.1600E+02
  -6.439  0.0000E+00  0.1600E+02
  -6.429  0.0000E+00  0.1600E+02
  -6.419  0.0000E+00  0.1600E+02
  -6.409  0.0000E+00  0.1600E+02
  -6.399  0.1018E+00  0.1600E+02
  -6.389  0.1253E+01  0.1601E+02
  -6.379  0.1220E+01  0.1602E+02
  -6.369  0.1186E+01  0.1603E+02
  -6.359  0.1153E+01  0.1605E+02
  -6.349  0.1119E+01  0.1606E+02
  -6.339  0.1203E+01  0.1607E+02
  -6.329  0.2793E+01  0.1609E+02
  -6.319  0.1651E+01  0.1612E+02
  -6.309  0.1824E+01  0.1614E+02
  -6.299  0.1997E+01  0.1616E+02
  -6.289  0.2171E+01  0.1618E+02
  -6.279  0.2344E+01  0.1620E+02
  -6.269  0.2518E+01  0.1623E+02
  -6.259  0.2691E+01  0.1625E+02
  -6.249  0.2865E+01  0.1628E+02
  -6.239  0.1851E+01  0.1630E+02
  -6.229  0.1789E+01  0.1632E+02
  -6.219  0.1727E+01  0.1634E+02
  -6.209  0.1665E+01  0.1636E+02
  -6.199  0.1602E+01  0.1637E+02
  -6.189  0.1540E+01  0.1639E+02
  -6.179  0.1488E+01  0.1640E+02
  -6.169  0.1436E+01  0.1642E+02
  -6.159  0.1384E+01  0.1643E+02
  -6.149  0.1333E+01  0.1645E+02
  -6.139  0.1237E+01  0.1646E+02
  -6.129  0.1210E+01  0.1647E+02
  -6.119  0.1183E+01  0.1648E+02
  -6.109  0.1169E+01  0.1649E+02
  -6.099  0.1158E+01  0.1651E+02
  -6.089  0.1146E+01  0.1652E+02
  -6.079  0.1135E+01  0.1653E+02
  -6.069  0.1124E+01  0.1654E+02
  -6.059  0.1112E+01  0.1655E+02
  -6.049  0.1101E+01  0.1656E+02
  -6.039  0.1090E+01  0.1657E+02
  -6.029  0.1079E+01  0.1658E+02
  -6.019  0.1067E+01  0.1660E+02
  -6.009  0.1056E+01  0.1661E+02
  -5.999  0.1045E+01  0.1662E+02
  -5.989  0.1033E+01  0.1663E+02
  -5.979  0.1022E+01  0.1664E+02
  -5.969  0.1011E+01  0.1665E+02
  -5.959  0.9992E+00  0.1666E+02
  -5.949  0.9892E+00  0.1667E+02
  -5.939  0.9805E+00  0.1668E+02
  -5.929  0.9719E+00  0.1669E+02
  -5.919  0.9633E+00  0.1670E+02
  -5.909  0.9546E+00  0.1671E+02
  -5.899  0.9433E+00  0.1672E+02
  -5.889  0.9310E+00  0.1673E+02
  -5.879  0.9187E+00  0.1673E+02
  -5.869  0.9064E+00  0.1674E+02
  -5.859  0.8941E+00  0.1675E+02
  -5.849  0.8818E+00  0.1676E+02
  -5.839  0.8695E+00  0.1677E+02
  -5.829  0.8572E+00  0.1678E+02
  -5.819  0.8449E+00  0.1679E+02
  -5.809  0.8326E+00  0.1680E+02
  -5.799  0.8264E+00  0.1680E+02
  -5.789  0.8223E+00  0.1681E+02
  -5.779  0.8181E+00  0.1682E+02
  -5.769  0.8139E+00  0.1683E+02
  -5.759  0.8097E+00  0.1684E+02
  -5.749  0.8056E+00  0.1684E+02
  -5.739  0.8014E+00  0.1685E+02
  -5.729  0.7972E+00  0.1686E+02
  -5.719  0.7931E+00  0.1687E+02
  -5.709  0.7890E+00  0.1688E+02
  -5.699  0.7849E+00  0.1688E+02
  -5.689  0.7808E+00  0.1689E+02
  -5.679  0.7764E+00  0.1690E+02
  -5.669  0.7720E+00  0.1691E+02
  -5.659  0.7676E+00  0.1692E+02
  -5.649  0.7631E+00  0.1692E+02
  -5.639  0.7587E+00  0.1693E+02
  -5.629  0.7543E+00  0.1694E+02
  -5.619  0.7498E+00  0.1695E+02
  -5.609  0.7454E+00  0.1695E+02
  -5.599  0.7409E+00  0.1696E+02
  -5.589  0.7365E+00  0.1697E+02
  -5.579  0.7321E+00  0.1698E+02
  -5.569  0.7276E+00  0.1698E+02
  -5.559  0.7232E+00  0.1699E+02
  -5.549  0.7707E+00  0.1700E+02
  -5.539  0.9039E+00  0.1701E+02
  -5.529  0.1037E+01  0.1702E+02
  -5.519  0.1170E+01  0.1703E+02
  -5.509  0.1303E+01  0.1704E+02
  -5.499  0.1436E+01  0.1705E+02
  -5.489  0.1569E+01  0.1707E+02
  -5.479  0.1703E+01  0.1708E+02
  -5.469  0.1800E+01  0.1710E+02
  -5.459  0.1936E+01  0.1712E+02
  -5.449  0.1637E+01  0.1714E+02
  -5.439  0.1504E+01  0.1715E+02
  -5.429  0.1521E+01  0.1717E+02
  -5.419  0.1538E+01  0.1718E+02
  -5.409  0.1554E+01  0.1720E+02
  -5.399  0.1571E+01  0.1722E+02
  -5.389  0.1588E+01  0.1723E+02
  -5.379  0.1605E+01  0.1725E+02
  -5.369  0.1621E+01  0.1726E+02
  -5.359  0.1638E+01  0.1728E+02
  -5.349  0.1655E+01  0.1730E+02
  -5.339  0.1672E+01  0.1731E+02
  -5.329  0.1688E+01  0.1733E+02
  -5.319  0.1705E+01  0.1735E+02
  -5.309  0.1722E+01  0.1736E+02
  -5.299  0.1739E+01  0.1738E+02
  -5.289  0.1753E+01  0.1740E+02
  -5.279  0.1766E+01  0.1742E+02
  -5.269  0.1805E+01  0.1743E+02
  -5.259  0.1850E+01  0.1745E+02
  -5.249  0.1895E+01  0.1747E+02
  -5.239  0.1939E+01  0.1749E+02
  -5.229  0.1976E+01  0.1751E+02
  -5.219  0.1997E+01  0.1753E+02
  -5.209  0.2018E+01  0.1755E+02
  -5.199  0.2040E+01  0.1757E+02
  -5.189  0.2061E+01  0.1759E+02
  -5.179  0.2081E+01  0.1761E+02
  -5.169  0.2100E+01  0.1763E+02
  -5.159  0.2118E+01  0.1765E+02
  -5.149  0.2136E+01  0.1767E+02
  -5.139  0.2151E+01  0.1770E+02
  -5.129  0.2166E+01  0.1772E+02
  -5.119  0.2181E+01  0.1774E+02
  -5.109  0.2196E+01  0.1776E+02
  -5.099  0.2320E+01  0.1778E+02
  -5.089  0.2579E+01  0.1781E+02
  -5.079  0.2839E+01  0.1783E+02
  -5.069  0.3099E+01  0.1786E+02
  -5.059  0.3358E+01  0.1790E+02
  -5.049  0.3671E+01  0.1793E+02
  -5.039  0.4537E+01  0.1798E+02
  -5.029  0.4335E+01  0.1802E+02
  -5.019  0.4122E+01  0.1806E+02
  -5.009  0.3909E+01  0.1810E+02
  -4.999  0.3696E+01  0.1814E+02
  -4.989  0.3483E+01  0.1818E+02
  -4.979  0.3269E+01  0.1821E+02
  -4.969  0.3076E+01  0.1824E+02
  -4.959  0.3010E+01  0.1827E+02
  -4.949  0.2944E+01  0.1830E+02
  -4.939  0.2879E+01  0.1833E+02
  -4.929  0.2813E+01  0.1836E+02
  -4.919  0.2747E+01  0.1839E+02
  -4.909  0.2580E+01  0.1841E+02
  -4.899  0.2337E+01  0.1844E+02
  -4.889  0.2152E+01  0.1846E+02
  -4.879  0.2120E+01  0.1848E+02
  -4.869  0.2088E+01  0.1850E+02
  -4.859  0.2357E+01  0.1853E+02
  -4.849  0.2278E+01  0.1855E+02
  -4.839  0.2200E+01  0.1857E+02
  -4.829  0.2121E+01  0.1859E+02
  -4.819  0.2043E+01  0.1861E+02
  -4.809  0.1964E+01  0.1863E+02
  -4.799  0.1885E+01  0.1865E+02
  -4.789  0.1807E+01  0.1867E+02
  -4.779  0.1728E+01  0.1869E+02
  -4.769  0.1650E+01  0.1871E+02
  -4.759  0.1571E+01  0.1872E+02
  -4.749  0.1090E+01  0.1874E+02
  -4.739  0.1086E+01  0.1876E+02
  -4.729  0.1081E+01  0.1877E+02
  -4.719  0.1827E+01  0.1879E+02
  -4.709  0.2153E+01  0.1881E+02
  -4.699  0.2480E+01  0.1883E+02
  -4.689  0.3253E+01  0.1886E+02
  -4.679  0.3601E+01  0.1890E+02
  -4.669  0.3950E+01  0.1894E+02
  -4.659  0.3782E+01  0.1897E+02
  -4.649  0.3993E+01  0.1901E+02
  -4.639  0.4073E+01  0.1905E+02
  -4.629  0.4190E+01  0.1909E+02
  -4.619  0.4307E+01  0.1914E+02
  -4.609  0.4753E+01  0.1918E+02
  -4.599  0.5457E+01  0.1923E+02
  -4.589  0.6161E+01  0.1929E+02
  -4.579  0.6846E+01  0.1935E+02
  -4.569  0.9267E+01  0.1943E+02
  -4.559  0.7953E+01  0.1952E+02
  -4.549  0.9689E+01  0.1964E+02
  -4.539  0.6244E+01  0.1971E+02
  -4.529  0.5166E+01  0.1977E+02
  -4.519  0.4278E+01  0.1982E+02
  -4.509  0.4032E+01  0.1986E+02
  -4.499  0.3864E+01  0.1990E+02
  -4.489  0.3697E+01  0.1994E+02
  -4.479  0.3530E+01  0.1997E+02
  -4.469  0.3362E+01  0.2001E+02
  -4.459  0.3195E+01  0.2004E+02
  -4.449  0.3089E+01  0.2007E+02
  -4.439  0.3040E+01  0.2010E+02
  -4.429  0.2994E+01  0.2013E+02
  -4.419  0.2948E+01  0.2016E+02
  -4.409  0.2901E+01  0.2019E+02
  -4.399  0.2855E+01  0.2022E+02
  -4.389  0.2809E+01  0.2025E+02
  -4.379  0.2762E+01  0.2028E+02
  -4.369  0.2716E+01  0.2030E+02
  -4.359  0.2577E+01  0.2033E+02
  -4.349  0.2550E+01  0.2036E+02
  -4.339  0.2522E+01  0.2038E+02
  -4.329  0.2495E+01  0.2041E+02
  -4.319  0.2474E+01  0.2043E+02
  -4.309  0.2463E+01  0.2046E+02
  -4.299  0.2455E+01  0.2048E+02
  -4.289  0.2446E+01  0.2051E+02
  -4.279  0.2437E+01  0.2053E+02
  -4.269  0.2428E+01  0.2055E+02
  -4.259  0.2386E+01  0.2058E+02
  -4.249  0.2369E+01  0.2060E+02
  -4.239  0.2352E+01  0.2063E+02
  -4.229  0.2336E+01  0.2065E+02
  -4.219  0.2319E+01  0.2067E+02
  -4.209  0.2302E+01  0.2070E+02
  -4.199  0.2285E+01  0.2072E+02
  -4.189  0.2267E+01  0.2074E+02
  -4.179  0.2249E+01  0.2076E+02
  -4.169  0.2231E+01  0.2079E+02
  -4.159  0.2213E+01  0.2081E+02
  -4.149  0.2198E+01  0.2083E+02
  -4.139  0.2181E+01  0.2085E+02
  -4.129  0.2163E+01  0.2087E+02
  -4.119  0.2146E+01  0.2090E+02
  -4.109  0.2128E+01  0.2092E+02
  -4.099  0.2110E+01  0.2094E+02
  -4.089  0.2093E+01  0.2096E+02
  -4.079  0.2076E+01  0.2098E+02
  -4.069  0.2060E+01  0.2100E+02
  -4.059  0.2045E+01  0.2102E+02
  -4.049  0.2030E+01  0.2104E+02
  -4.039  0.2024E+01  0.2106E+02
  -4.029  0.2018E+01  0.2108E+02
  -4.019  0.2012E+01  0.2110E+02
  -4.009  0.1982E+01  0.2112E+02
  -3.999  0.1978E+01  0.2114E+02
  -3.989  0.1974E+01  0.2116E+02
  -3.979  0.1969E+01  0.2118E+02
  -3.969  0.1965E+01  0.2120E+02
  -3.959  0.1978E+01  0.2122E+02
  -3.949  0.1975E+01  0.2124E+02
  -3.939  0.1972E+01  0.2126E+02
  -3.929  0.1969E+01  0.2128E+02
  -3.919  0.1966E+01  0.2130E+02
  -3.909  0.1962E+01  0.2132E+02
  -3.899  0.1959E+01  0.2134E+02
  -3.889  0.1955E+01  0.2136E+02
  -3.879  0.1952E+01  0.2138E+02
  -3.869  0.1948E+01  0.2140E+02
  -3.859  0.1945E+01  0.2142E+02
  -3.849  0.1940E+01  0.2144E+02
  -3.839  0.1935E+01  0.2146E+02
  -3.829  0.1930E+01  0.2148E+02
  -3.819  0.1925E+01  0.2149E+02
  -3.809  0.1921E+01  0.2151E+02
  -3.799  0.1916E+01  0.2153E+02
  -3.789  0.1912E+01  0.2155E+02
  -3.779  0.1907E+01  0.2157E+02
  -3.769  0.1903E+01  0.2159E+02
  -3.759  0.1898E+01  0.2161E+02
  -3.749  0.1894E+01  0.2163E+02
  -3.739  0.1889E+01  0.2165E+02
  -3.729  0.1847E+01  0.2167E+02
  -3.719  0.1845E+01  0.2168E+02
  -3.709  0.1843E+01  0.2170E+02
  -3.699  0.1841E+01  0.2172E+02
  -3.689  0.1839E+01  0.2174E+02
  -3.679  0.1837E+01  0.2176E+02
  -3.669  0.1835E+01  0.2178E+02
  -3.659  0.1833E+01  0.2179E+02
  -3.649  0.1832E+01  0.2181E+02
  -3.639  0.1832E+01  0.2183E+02
  -3.629  0.1832E+01  0.2185E+02
  -3.619  0.1831E+01  0.2187E+02
  -3.609  0.1808E+01  0.2189E+02
  -3.599  0.1808E+01  0.2190E+02
  -3.589  0.1807E+01  0.2192E+02
  -3.579  0.1807E+01  0.2194E+02
  -3.569  0.1806E+01  0.2196E+02
  -3.559  0.1805E+01  0.2198E+02
  -3.549  0.1805E+01  0.2199E+02
  -3.539  0.1804E+01  0.2201E+02
  -3.529  0.1804E+01  0.2203E+02
  -3.519  0.1803E+01  0.2205E+02
  -3.509  0.1802E+01  0.2207E+02
  -3.499  0.1801E+01  0.2208E+02
  -3.489  0.1799E+01  0.2210E+02
  -3.479  0.1797E+01  0.2212E+02
  -3.469  0.1795E+01  0.2214E+02
  -3.459  0.1793E+01  0.2216E+02
  -3.449  0.1791E+01  0.2217E+02
  -3.439  0.1791E+01  0.2219E+02
  -3.429  0.1788E+01  0.2221E+02
  -3.419  0.1784E+01  0.2223E+02
  -3.409  0.1780E+01  0.2225E+02
  -3.399  0.1877E+01  0.2226E+02
  -3.389  0.1896E+01  0.2228E+02
  -3.379  0.1916E+01  0.2230E+02
  -3.369  0.1935E+01  0.2232E+02
  -3.359  0.1955E+01  0.2234E+02
  -3.349  0.1974E+01  0.2236E+02
  -3.339  0.1994E+01  0.2238E+02
  -3.329  0.2007E+01  0.2240E+02
  -3.319  0.2014E+01  0.2242E+02
  -3.309  0.2021E+01  0.2244E+02
  -3.299  0.2028E+01  0.2246E+02
  -3.289  0.2039E+01  0.2248E+02
  -3.279  0.2050E+01  0.2250E+02
  -3.269  0.2060E+01  0.2252E+02
  -3.259  0.2071E+01  0.2254E+02
  -3.249  0.2081E+01  0.2256E+02
  -3.239  0.2092E+01  0.2258E+02
  -3.229  0.2103E+01  0.2261E+02
  -3.219  0.2130E+01  0.2263E+02
  -3.209  0.2140E+01  0.2265E+02
  -3.199  0.2150E+01  0.2267E+02
  -3.189  0.2156E+01  0.2269E+02
  -3.179  0.2161E+01  0.2271E+02
  -3.169  0.2166E+01  0.2273E+02
  -3.159  0.2172E+01  0.2276E+02
  -3.149  0.2092E+01  0.2278E+02
  -3.139  0.1992E+01  0.2280E+02
  -3.129  0.1893E+01  0.2282E+02
  -3.119  0.1823E+01  0.2284E+02
  -3.109  0.1793E+01  0.2285E+02
  -3.099  0.1764E+01  0.2287E+02
  -3.089  0.1734E+01  0.2289E+02
  -3.079  0.1704E+01  0.2291E+02
  -3.069  0.1674E+01  0.2292E+02
  -3.059  0.1644E+01  0.2294E+02
  -3.049  0.1614E+01  0.2296E+02
  -3.039  0.1584E+01  0.2297E+02
  -3.029  0.1554E+01  0.2299E+02
  -3.019  0.1530E+01  0.2300E+02
  -3.009  0.1515E+01  0.2302E+02
  -2.999  0.1500E+01  0.2303E+02
  -2.989  0.1483E+01  0.2305E+02
  -2.979  0.1465E+01  0.2306E+02
  -2.969  0.1447E+01  0.2308E+02
  -2.959  0.1429E+01  0.2309E+02
  -2.949  0.1411E+01  0.2311E+02
  -2.939  0.1393E+01  0.2312E+02
  -2.929  0.1376E+01  0.2313E+02
  -2.919  0.1358E+01  0.2315E+02
  -2.909  0.1319E+01  0.2316E+02
  -2.899  0.1302E+01  0.2317E+02
  -2.889  0.1285E+01  0.2319E+02
  -2.879  0.1268E+01  0.2320E+02
  -2.869  0.1251E+01  0.2321E+02
  -2.859  0.1235E+01  0.2322E+02
  -2.849  0.1224E+01  0.2324E+02
  -2.839  0.1216E+01  0.2325E+02
  -2.829  0.1207E+01  0.2326E+02
  -2.819  0.1199E+01  0.2327E+02
  -2.809  0.1191E+01  0.2329E+02
  -2.799  0.1182E+01  0.2330E+02
  -2.789  0.1174E+01  0.2331E+02
  -2.779  0.1165E+01  0.2332E+02
  -2.769  0.1157E+01  0.2333E+02
  -2.759  0.1148E+01  0.2334E+02
  -2.749  0.1140E+01  0.2336E+02
  -2.739  0.1131E+01  0.2337E+02
  -2.729  0.1122E+01  0.2338E+02
  -2.719  0.1110E+01  0.2339E+02
  -2.709  0.1098E+01  0.2340E+02
  -2.699  0.1085E+01  0.2341E+02
  -2.689  0.1073E+01  0.2342E+02
  -2.679  0.1061E+01  0.2343E+02
  -2.669  0.1049E+01  0.2344E+02
  -2.659  0.1036E+01  0.2345E+02
  -2.649  0.1024E+01  0.2346E+02
  -2.639  0.1012E+01  0.2347E+02
  -2.629  0.1003E+01  0.2348E+02
  -2.619  0.9940E+00  0.2349E+02
  -2.609  0.9847E+00  0.2350E+02
  -2.599  0.9744E+00  0.2351E+02
  -2.589  0.9641E+00  0.2352E+02
  -2.579  0.9537E+00  0.2353E+02
  -2.569  0.9434E+00  0.2354E+02
  -2.559  0.9331E+00  0.2355E+02
  -2.549  0.9228E+00  0.2356E+02
  -2.539  0.9240E+00  0.2357E+02
  -2.529  0.9117E+00  0.2358E+02
  -2.519  0.8994E+00  0.2359E+02
  -2.509  0.8871E+00  0.2360E+02
  -2.499  0.8747E+00  0.2361E+02
  -2.489  0.8624E+00  0.2361E+02
  -2.479  0.8501E+00  0.2362E+02
  -2.469  0.8378E+00  0.2363E+02
  -2.459  0.8255E+00  0.2364E+02
  -2.449  0.8138E+00  0.2365E+02
  -2.439  0.8026E+00  0.2366E+02
  -2.429  0.8340E+00  0.2366E+02
  -2.419  0.8191E+00  0.2367E+02
  -2.409  0.8043E+00  0.2368E+02
  -2.399  0.8160E+00  0.2369E+02
  -2.389  0.8048E+00  0.2370E+02
  -2.379  0.7935E+00  0.2371E+02
  -2.369  0.7822E+00  0.2371E+02
  -2.359  0.7697E+00  0.2372E+02
  -2.349  0.7555E+00  0.2373E+02
  -2.339  0.7413E+00  0.2374E+02
  -2.329  0.7272E+00  0.2374E+02
  -2.319  0.7130E+00  0.2375E+02
  -2.309  0.6988E+00  0.2376E+02
  -2.299  0.6846E+00  0.2376E+02
  -2.289  0.6704E+00  0.2377E+02
  -2.279  0.6562E+00  0.2378E+02
  -2.269  0.6420E+00  0.2378E+02
  -2.259  0.6278E+00  0.2379E+02
  -2.249  0.6137E+00  0.2380E+02
  -2.239  0.5995E+00  0.2380E+02
  -2.229  0.5853E+00  0.2381E+02
  -2.219  0.5711E+00  0.2381E+02
  -2.209  0.5569E+00  0.2382E+02
  -2.199  0.5427E+00  0.2383E+02
  -2.189  0.5285E+00  0.2383E+02
  -2.179  0.5143E+00  0.2384E+02
  -2.169  0.5002E+00  0.2384E+02
  -2.159  0.4860E+00  0.2385E+02
  -2.149  0.4718E+00  0.2385E+02
  -2.139  0.4576E+00  0.2386E+02
  -2.129  0.4350E+00  0.2386E+02
  -2.119  0.4263E+00  0.2386E+02
  -2.109  0.4175E+00  0.2387E+02
  -2.099  0.4088E+00  0.2387E+02
  -2.089  0.4000E+00  0.2388E+02
  -2.079  0.5062E+00  0.2388E+02
  -2.069  0.6262E+00  0.2389E+02
  -2.059  0.7179E+00  0.2389E+02
  -2.049  0.7833E+00  0.2390E+02
  -2.039  0.8684E+00  0.2391E+02
  -2.029  0.9030E+00  0.2392E+02
  -2.019  0.9376E+00  0.2393E+02
  -2.009  0.9723E+00  0.2394E+02
  -1.999  0.1007E+01  0.2395E+02
  -1.989  0.1041E+01  0.2396E+02
  -1.979  0.1060E+01  0.2397E+02
  -1.969  0.1078E+01  0.2398E+02
  -1.959  0.1097E+01  0.2399E+02
  -1.949  0.1116E+01  0.2400E+02
  -1.939  0.1134E+01  0.2401E+02
  -1.929  0.1153E+01  0.2402E+02
  -1.919  0.1171E+01  0.2403E+02
  -1.909  0.1190E+01  0.2405E+02
  -1.899  0.1209E+01  0.2406E+02
  -1.889  0.1227E+01  0.2407E+02
  -1.879  0.1246E+01  0.2408E+02
  -1.869  0.1260E+01  0.2410E+02
  -1.859  0.1273E+01  0.2411E+02
  -1.849  0.1285E+01  0.2412E+02
  -1.839  0.1298E+01  0.2413E+02
  -1.829  0.1310E+01  0.2415E+02
  -1.819  0.1323E+01  0.2416E+02
  -1.809  0.1336E+01  0.2417E+02
  -1.799  0.1348E+01  0.2419E+02
  -1.789  0.1284E+01  0.2420E+02
  -1.779  0.1271E+01  0.2421E+02
  -1.769  0.1478E+01  0.2423E+02
  -1.759  0.1434E+01  0.2424E+02
  -1.749  0.1390E+01  0.2426E+02
  -1.739  0.1352E+01  0.2427E+02
  -1.729  0.1321E+01  0.2428E+02
  -1.719  0.1290E+01  0.2430E+02
  -1.709  0.1260E+01  0.2431E+02
  -1.699  0.1229E+01  0.2432E+02
  -1.689  0.1198E+01  0.2433E+02
  -1.679  0.1167E+01  0.2435E+02
  -1.669  0.1137E+01  0.2436E+02
  -1.659  0.1127E+01  0.2437E+02
  -1.649  0.1145E+01  0.2438E+02
  -1.639  0.1166E+01  0.2439E+02
  -1.629  0.1188E+01  0.2440E+02
  -1.619  0.1209E+01  0.2441E+02
  -1.609  0.1230E+01  0.2443E+02
  -1.599  0.1251E+01  0.2444E+02
  -1.589  0.1272E+01  0.2445E+02
  -1.579  0.1297E+01  0.2447E+02
  -1.569  0.1326E+01  0.2448E+02
  -1.559  0.1356E+01  0.2449E+02
  -1.549  0.1386E+01  0.2451E+02
  -1.539  0.1415E+01  0.2452E+02
  -1.529  0.1445E+01  0.2453E+02
  -1.519  0.1477E+01  0.2455E+02
  -1.509  0.1508E+01  0.2456E+02
  -1.499  0.1539E+01  0.2458E+02
  -1.489  0.1571E+01  0.2459E+02
  -1.479  0.1602E+01  0.2461E+02
  -1.469  0.1634E+01  0.2463E+02
  -1.459  0.1665E+01  0.2464E+02
  -1.449  0.2320E+01  0.2466E+02
  -1.439  0.2276E+01  0.2469E+02
  -1.429  0.2232E+01  0.2471E+02
  -1.419  0.2187E+01  0.2473E+02
  -1.409  0.2143E+01  0.2475E+02
  -1.399  0.2099E+01  0.2477E+02
  -1.389  0.2055E+01  0.2479E+02
  -1.379  0.2013E+01  0.2481E+02
  -1.369  0.1972E+01  0.2483E+02
  -1.359  0.1930E+01  0.2485E+02
  -1.349  0.1888E+01  0.2487E+02
  -1.339  0.1846E+01  0.2489E+02
  -1.329  0.1805E+01  0.2491E+02
  -1.319  0.1763E+01  0.2493E+02
  -1.309  0.1721E+01  0.2494E+02
  -1.299  0.1679E+01  0.2496E+02
  -1.289  0.2243E+01  0.2498E+02
  -1.279  0.3566E+01  0.2501E+02
  -1.269  0.1285E+01  0.2503E+02
  -1.259  0.1272E+01  0.2504E+02
  -1.249  0.1258E+01  0.2505E+02
  -1.239  0.1242E+01  0.2507E+02
  -1.229  0.1226E+01  0.2508E+02
  -1.219  0.1212E+01  0.2509E+02
  -1.209  0.1198E+01  0.2510E+02
  -1.199  0.1184E+01  0.2511E+02
  -1.189  0.1170E+01  0.2513E+02
  -1.179  0.1156E+01  0.2514E+02
  -1.169  0.1148E+01  0.2515E+02
  -1.159  0.1146E+01  0.2516E+02
  -1.149  0.1144E+01  0.2517E+02
  -1.139  0.1142E+01  0.2518E+02
  -1.129  0.1140E+01  0.2519E+02
  -1.119  0.1138E+01  0.2521E+02
  -1.109  0.1137E+01  0.2522E+02
  -1.099  0.1135E+01  0.2523E+02
  -1.089  0.1133E+01  0.2524E+02
  -1.079  0.1133E+01  0.2525E+02
  -1.069  0.1139E+01  0.2526E+02
  -1.059  0.1145E+01  0.2527E+02
  -1.049  0.1151E+01  0.2529E+02
  -1.039  0.1156E+01  0.2530E+02
  -1.029  0.1162E+01  0.2531E+02
  -1.019  0.1284E+01  0.2532E+02
  -1.009  0.2063E+01  0.2534E+02
  -0.999  0.2842E+01  0.2536E+02
  -0.989  0.1118E+01  0.2538E+02
  -0.979  0.1120E+01  0.2539E+02
  -0.969  0.1121E+01  0.2540E+02
  -0.959  0.1123E+01  0.2541E+02
  -0.949  0.1125E+01  0.2542E+02
  -0.939  0.1126E+01  0.2543E+02
  -0.929  0.1128E+01  0.2544E+02
  -0.919  0.1231E+01  0.2546E+02
  -0.909  0.1217E+01  0.2547E+02
  -0.899  0.1204E+01  0.2548E+02
  -0.889  0.1191E+01  0.2549E+02
  -0.879  0.1177E+01  0.2550E+02
  -0.869  0.1164E+01  0.2552E+02
  -0.859  0.1151E+01  0.2553E+02
  -0.849  0.1137E+01  0.2554E+02
  -0.839  0.1124E+01  0.2555E+02
  -0.829  0.1111E+01  0.2556E+02
  -0.819  0.1097E+01  0.2557E+02
  -0.809  0.1084E+01  0.2558E+02
  -0.799  0.1071E+01  0.2559E+02
  -0.789  0.1037E+01  0.2560E+02
  -0.779  0.1023E+01  0.2561E+02
  -0.769  0.1013E+01  0.2562E+02
  -0.759  0.1017E+01  0.2563E+02
  -0.749  0.1022E+01  0.2565E+02
  -0.739  0.1026E+01  0.2566E+02
  -0.729  0.1030E+01  0.2567E+02
  -0.719  0.1034E+01  0.2568E+02
  -0.709  0.1039E+01  0.2569E+02
  -0.699  0.1043E+01  0.2570E+02
  -0.689  0.1047E+01  0.2571E+02
  -0.679  0.1085E+01  0.2572E+02
  -0.669  0.1166E+01  0.2573E+02
  -0.659  0.1269E+01  0.2574E+02
  -0.649  0.1362E+01  0.2575E+02
  -0.639  0.1462E+01  0.2577E+02
  -0.629  0.1576E+01  0.2578E+02
  -0.619  0.1690E+01  0.2580E+02
  -0.609  0.1201E+01  0.2581E+02
  -0.599  0.1206E+01  0.2583E+02
  -0.589  0.1211E+01  0.2584E+02
  -0.579  0.1217E+01  0.2585E+02
  -0.569  0.1222E+01  0.2586E+02
  -0.559  0.1227E+01  0.2588E+02
  -0.549  0.1233E+01  0.2589E+02
  -0.539  0.1238E+01  0.2590E+02
  -0.529  0.1254E+01  0.2591E+02
  -0.519  0.1431E+01  0.2593E+02
  -0.509  0.1607E+01  0.2594E+02
  -0.499  0.1783E+01  0.2596E+02
  -0.489  0.3289E+01  0.2598E+02
  -0.479  0.2879E+01  0.2602E+02
  -0.469  0.1624E+01  0.2604E+02
  -0.459  0.1644E+01  0.2605E+02
  -0.449  0.1665E+01  0.2607E+02
  -0.439  0.1686E+01  0.2609E+02
  -0.429  0.1707E+01  0.2610E+02
  -0.419  0.1709E+01  0.2612E+02
  -0.409  0.1709E+01  0.2614E+02
  -0.399  0.1713E+01  0.2615E+02
  -0.389  0.1720E+01  0.2617E+02
  -0.379  0.1727E+01  0.2619E+02
  -0.369  0.1734E+01  0.2621E+02
  -0.359  0.1740E+01  0.2622E+02
  -0.349  0.1747E+01  0.2624E+02
  -0.339  0.1753E+01  0.2626E+02
  -0.329  0.1751E+01  0.2628E+02
  -0.319  0.1749E+01  0.2629E+02
  -0.309  0.1747E+01  0.2631E+02
  -0.299  0.1745E+01  0.2633E+02
  -0.289  0.1743E+01  0.2635E+02
  -0.279  0.1741E+01  0.2636E+02
  -0.269  0.1757E+01  0.2638E+02
  -0.259  0.1784E+01  0.2640E+02
  -0.249  0.1812E+01  0.2642E+02
  -0.239  0.1839E+01  0.2643E+02
  -0.229  0.1865E+01  0.2645E+02
  -0.219  0.1895E+01  0.2647E+02
  -0.209  0.2473E+01  0.2649E+02
  -0.199  0.2459E+01  0.2652E+02
  -0.189  0.2432E+01  0.2654E+02
  -0.179  0.2378E+01  0.2657E+02
  -0.169  0.2033E+01  0.2659E+02
  -0.159  0.2042E+01  0.2661E+02
  -0.149  0.1978E+01  0.2663E+02
  -0.139  0.1963E+01  0.2665E+02
  -0.129  0.1954E+01  0.2667E+02
  -0.119  0.1945E+01  0.2669E+02
  -0.109  0.1937E+01  0.2671E+02
  -0.099  0.1928E+01  0.2673E+02
  -0.089  0.1919E+01  0.2675E+02
  -0.079  0.1911E+01  0.2677E+02
  -0.069  0.1902E+01  0.2678E+02
  -0.059  0.1893E+01  0.2680E+02
  -0.049  0.1885E+01  0.2682E+02
  -0.039  0.1879E+01  0.2684E+02
  -0.029  0.1878E+01  0.2686E+02
  -0.019  0.1876E+01  0.2688E+02
  -0.009  0.1875E+01  0.2690E+02
   0.001  0.1877E+01  0.2692E+02
   0.011  0.1888E+01  0.2694E+02
   0.021  0.1899E+01  0.2695E+02
   0.031  0.1909E+01  0.2697E+02
   0.041  0.1920E+01  0.2699E+02
   0.051  0.1931E+01  0.2701E+02
   0.061  0.1941E+01  0.2703E+02
   0.071  0.1952E+01  0.2705E+02
   0.081  0.1974E+01  0.2707E+02
   0.091  0.2008E+01  0.2709E+02
   0.101  0.2041E+01  0.2711E+02
   0.111  0.2047E+01  0.2713E+02
   0.121  0.2450E+01  0.2715E+02
   0.131  0.2407E+01  0.2718E+02
   0.141  0.2364E+01  0.2720E+02
   0.151  0.2171E+01  0.2723E+02
   0.161  0.2137E+01  0.2725E+02
   0.171  0.2100E+01  0.2727E+02
   0.181  0.2062E+01  0.2730E+02
   0.191  0.2024E+01  0.2732E+02
   0.201  0.2031E+01  0.2734E+02
   0.211  0.2050E+01  0.2736E+02
   0.221  0.2068E+01  0.2738E+02
   0.231  0.2089E+01  0.2740E+02
   0.241  0.2114E+01  0.2742E+02
   0.251  0.2139E+01  0.2744E+02
   0.261  0.2165E+01  0.2746E+02
   0.271  0.2194E+01  0.2748E+02
   0.281  0.2224E+01  0.2751E+02
   0.291  0.2255E+01  0.2753E+02
   0.301  0.2285E+01  0.2755E+02
   0.311  0.2316E+01  0.2757E+02
   0.321  0.2346E+01  0.2760E+02
   0.331  0.2395E+01  0.2762E+02
   0.341  0.2443E+01  0.2765E+02
   0.351  0.3190E+01  0.2768E+02
   0.361  0.3777E+01  0.2772E+02
   0.371  0.4365E+01  0.2776E+02
   0.381  0.3398E+01  0.2780E+02
   0.391  0.3485E+01  0.2784E+02
   0.401  0.3457E+01  0.2787E+02
   0.411  0.3389E+01  0.2791E+02
   0.421  0.3320E+01  0.2794E+02
   0.431  0.3251E+01  0.2797E+02
   0.441  0.3182E+01  0.2800E+02
   0.451  0.3117E+01  0.2804E+02
   0.461  0.3061E+01  0.2807E+02
   0.471  0.3002E+01  0.2810E+02
   0.481  0.2974E+01  0.2813E+02
   0.491  0.2968E+01  0.2816E+02
   0.501  0.2962E+01  0.2819E+02
   0.511  0.2956E+01  0.2822E+02
   0.521  0.2949E+01  0.2825E+02
   0.531  0.2960E+01  0.2827E+02
   0.541  0.3023E+01  0.2830E+02
   0.551  0.3085E+01  0.2834E+02
   0.561  0.3314E+01  0.2837E+02
   0.571  0.3624E+01  0.2840E+02
   0.581  0.3492E+01  0.2844E+02
   0.591  0.3361E+01  0.2847E+02
   0.601  0.3229E+01  0.2850E+02
   0.611  0.3097E+01  0.2854E+02
   0.621  0.3039E+01  0.2857E+02
   0.631  0.3095E+01  0.2860E+02
   0.641  0.3168E+01  0.2863E+02
   0.651  0.4624E+01  0.2867E+02
   0.661  0.3269E+01  0.2871E+02
   0.671  0.2127E+01  0.2874E+02
   0.681  0.9859E+00  0.2875E+02
   0.691  0.7788E+00  0.2876E+02
   0.701  0.7834E+00  0.2877E+02
   0.711  0.7881E+00  0.2878E+02
   0.721  0.7927E+00  0.2878E+02
   0.731  0.7974E+00  0.2879E+02
   0.741  0.8020E+00  0.2880E+02
   0.751  0.8063E+00  0.2881E+02
   0.761  0.8102E+00  0.2882E+02
   0.771  0.8141E+00  0.2882E+02
   0.781  0.8179E+00  0.2883E+02
   0.791  0.8218E+00  0.2884E+02
   0.801  0.8257E+00  0.2885E+02
   0.811  0.8295E+00  0.2886E+02
   0.821  0.8334E+00  0.2887E+02
   0.831  0.8373E+00  0.2887E+02
   0.841  0.8412E+00  0.2888E+02
   0.851  0.8450E+00  0.2889E+02
   0.861  0.8489E+00  0.2890E+02
   0.871  0.8528E+00  0.2891E+02
   0.881  0.8566E+00  0.2892E+02
   0.891  0.8605E+00  0.2892E+02
   0.901  0.8648E+00  0.2893E+02
   0.911  0.8739E+00  0.2894E+02
   0.921  0.8831E+00  0.2895E+02
   0.931  0.8901E+00  0.2896E+02
   0.941  0.8968E+00  0.2897E+02
   0.951  0.9036E+00  0.2898E+02
   0.961  0.9103E+00  0.2899E+02
   0.971  0.9170E+00  0.2900E+02
   0.981  0.9237E+00  0.2900E+02
   0.991  0.9304E+00  0.2901E+02
   1.001  0.9371E+00  0.2902E+02
   1.011  0.9439E+00  0.2903E+02
   1.021  0.9506E+00  0.2904E+02
   1.031  0.9573E+00  0.2905E+02
   1.041  0.9640E+00  0.2906E+02
   1.051  0.9707E+00  0.2907E+02
   1.061  0.9746E+00  0.2908E+02
   1.071  0.9778E+00  0.2909E+02
   1.081  0.9810E+00  0.2910E+02
   1.091  0.9843E+00  0.2911E+02
   1.101  0.9875E+00  0.2912E+02
   1.111  0.9907E+00  0.2913E+02
   1.121  0.9939E+00  0.2914E+02
   1.131  0.9994E+00  0.2915E+02
   1.141  0.1007E+01  0.2916E+02
   1.151  0.1012E+01  0.2917E+02
   1.161  0.1016E+01  0.2918E+02
   1.171  0.1019E+01  0.2919E+02
   1.181  0.1023E+01  0.2920E+02
   1.191  0.1027E+01  0.2921E+02
   1.201  0.1031E+01  0.2922E+02
   1.211  0.1034E+01  0.2923E+02
   1.221  0.1038E+01  0.2924E+02
   1.231  0.1042E+01  0.2925E+02
   1.241  0.1046E+01  0.2926E+02
   1.251  0.1049E+01  0.2927E+02
   1.261  0.1092E+01  0.2928E+02
   1.271  0.1099E+01  0.2929E+02
   1.281  0.1108E+01  0.2931E+02
   1.291  0.1118E+01  0.2932E+02
   1.301  0.1128E+01  0.2933E+02
   1.311  0.1138E+01  0.2934E+02
   1.321  0.1148E+01  0.2935E+02
   1.331  0.1157E+01  0.2936E+02
   1.341  0.1167E+01  0.2937E+02
   1.351  0.1177E+01  0.2939E+02
   1.361  0.1186E+01  0.2940E+02
   1.371  0.1196E+01  0.2941E+02
   1.381  0.1206E+01  0.2942E+02
   1.391  0.1215E+01  0.2943E+02
   1.401  0.1225E+01  0.2945E+02
   1.411  0.1237E+01  0.2946E+02
   1.421  0.1251E+01  0.2947E+02
   1.431  0.1264E+01  0.2948E+02
   1.441  0.1278E+01  0.2950E+02
   1.451  0.1292E+01  0.2951E+02
   1.461  0.1306E+01  0.2952E+02
   1.471  0.1320E+01  0.2954E+02
   1.481  0.1334E+01  0.2955E+02
   1.491  0.1348E+01  0.2956E+02
   1.501  0.1357E+01  0.2958E+02
   1.511  0.1366E+01  0.2959E+02
   1.521  0.1375E+01  0.2960E+02
   1.531  0.1387E+01  0.2962E+02
   1.541  0.1404E+01  0.2963E+02
   1.551  0.1421E+01  0.2964E+02
   1.561  0.1437E+01  0.2966E+02
   1.571  0.1454E+01  0.2967E+02
   1.581  0.1471E+01  0.2969E+02
   1.591  0.1488E+01  0.2970E+02
   1.601  0.1504E+01  0.2972E+02
   1.611  0.1521E+01  0.2973E+02
   1.621  0.1538E+01  0.2975E+02
   1.631  0.1555E+01  0.2976E+02
   1.641  0.1568E+01  0.2978E+02
   1.651  0.1580E+01  0.2979E+02
   1.661  0.1603E+01  0.2981E+02
   1.671  0.1637E+01  0.2983E+02
   1.681  0.1671E+01  0.2984E+02
   1.691  0.1705E+01  0.2986E+02
   1.701  0.1740E+01  0.2988E+02
   1.711  0.1774E+01  0.2990E+02
   1.721  0.1808E+01  0.2991E+02
   1.731  0.1843E+01  0.2993E+02
   1.741  0.1877E+01  0.2995E+02
   1.751  0.1939E+01  0.2997E+02
   1.761  0.2015E+01  0.2999E+02
   1.771  0.2091E+01  0.3001E+02
   1.781  0.2201E+01  0.3003E+02
   1.791  0.2279E+01  0.3005E+02
   1.801  0.2356E+01  0.3008E+02
   1.811  0.2434E+01  0.3010E+02
   1.821  0.2534E+01  0.3013E+02
   1.831  0.2639E+01  0.3015E+02
   1.841  0.2847E+01  0.3018E+02
   1.851  0.2992E+01  0.3021E+02
   1.861  0.3423E+01  0.3024E+02
   1.871  0.3858E+01  0.3028E+02
   1.881  0.4292E+01  0.3032E+02
   1.891  0.1059E+02  0.3036E+02
   1.901  0.4104E+01  0.3044E+02
   1.911  0.6761E+01  0.3048E+02
   1.921  0.2249E+01  0.3052E+02
   1.931  0.1651E+01  0.3054E+02
   1.941  0.1555E+01  0.3055E+02
   1.951  0.1458E+01  0.3057E+02
   1.961  0.1360E+01  0.3058E+02
   1.971  0.1262E+01  0.3060E+02
   1.981  0.1165E+01  0.3061E+02
   1.991  0.1067E+01  0.3062E+02
   2.001  0.9697E+00  0.3063E+02
   2.011  0.1198E+01  0.3064E+02
   2.021  0.1480E+01  0.3065E+02
   2.031  0.1761E+01  0.3067E+02
   2.041  0.4515E+00  0.3069E+02
   2.051  0.4525E+00  0.3069E+02
   2.061  0.4536E+00  0.3070E+02
   2.071  0.4547E+00  0.3070E+02
   2.081  0.4557E+00  0.3071E+02
   2.091  0.4568E+00  0.3071E+02
   2.101  0.4578E+00  0.3071E+02
   2.111  0.4589E+00  0.3072E+02
   2.121  0.4600E+00  0.3072E+02
   2.131  0.4610E+00  0.3073E+02
   2.141  0.4621E+00  0.3073E+02
   2.151  0.4631E+00  0.3074E+02
   2.161  0.4642E+00  0.3074E+02
   2.171  0.4653E+00  0.3075E+02
   2.181  0.4663E+00  0.3075E+02
   2.191  0.4674E+00  0.3076E+02
   2.201  0.4685E+00  0.3076E+02
   2.211  0.4695E+00  0.3077E+02
   2.221  0.4706E+00  0.3077E+02
   2.231  0.4716E+00  0.3078E+02
   2.241  0.4727E+00  0.3078E+02
   2.251  0.4738E+00  0.3078E+02
   2.261  0.4748E+00  0.3079E+02
   2.271  0.4759E+00  0.3079E+02
   2.281  0.4769E+00  0.3080E+02
   2.291  0.4780E+00  0.3080E+02
   2.301  0.4791E+00  0.3081E+02
   2.311  0.4801E+00  0.3081E+02
   2.321  0.4812E+00  0.3082E+02
   2.331  0.5324E+00  0.3082E+02
   2.341  0.5844E+00  0.3083E+02
   2.351  0.6314E+00  0.3083E+02
   2.361  0.6342E+00  0.3084E+02
   2.371  0.6370E+00  0.3085E+02
   2.381  0.6398E+00  0.3085E+02
   2.391  0.6426E+00  0.3086E+02
   2.401  0.6454E+00  0.3087E+02
   2.411  0.6482E+00  0.3087E+02
   2.421  0.6510E+00  0.3088E+02
   2.431  0.6538E+00  0.3089E+02
   2.441  0.6566E+00  0.3089E+02
   2.451  0.6594E+00  0.3090E+02
   2.461  0.6622E+00  0.3091E+02
   2.471  0.6650E+00  0.3091E+02
   2.481  0.6678E+00  0.3092E+02
   2.491  0.6706E+00  0.3093E+02
   2.501  0.6734E+00  0.3093E+02
   2.511  0.6762E+00  0.3094E+02
   2.521  0.6790E+00  0.3095E+02
   2.531  0.6818E+00  0.3095E+02
   2.541  0.6846E+00  0.3096E+02
   2.551  0.6874E+00  0.3097E+02
   2.561  0.6902E+00  0.3097E+02
   2.571  0.6929E+00  0.3098E+02
   2.581  0.6938E+00  0.3099E+02
   2.591  0.6946E+00  0.3099E+02
   2.601  0.6955E+00  0.3100E+02
   2.611  0.6963E+00  0.3101E+02
   2.621  0.6972E+00  0.3102E+02
   2.631  0.6980E+00  0.3102E+02
   2.641  0.6988E+00  0.3103E+02
   2.651  0.6997E+00  0.3104E+02
   2.661  0.7005E+00  0.3104E+02
   2.671  0.7014E+00  0.3105E+02
   2.681  0.7022E+00  0.3106E+02
   2.691  0.7030E+00  0.3106E+02
   2.701  0.7039E+00  0.3107E+02
   2.711  0.7047E+00  0.3108E+02
   2.721  0.7056E+00  0.3109E+02
   2.731  0.1113E+01  0.3110E+02
   2.741  0.1124E+01  0.3111E+02
   2.751  0.1135E+01  0.3112E+02
   2.761  0.1147E+01  0.3113E+02
   2.771  0.1158E+01  0.3114E+02
   2.781  0.1170E+01  0.3115E+02
   2.791  0.1181E+01  0.3116E+02
   2.801  0.1192E+01  0.3118E+02
   2.811  0.1204E+01  0.3119E+02
   2.821  0.1215E+01  0.3120E+02
   2.831  0.1226E+01  0.3121E+02
   2.841  0.1238E+01  0.3122E+02
   2.851  0.1249E+01  0.3124E+02
   2.861  0.1261E+01  0.3125E+02
   2.871  0.1272E+01  0.3126E+02
   2.881  0.1276E+01  0.3127E+02
   2.891  0.1274E+01  0.3129E+02
   2.901  0.3239E+01  0.3131E+02
   2.911  0.6032E+01  0.3136E+02
   2.921  0.5460E+01  0.3142E+02
   2.931  0.6436E+01  0.3148E+02
   2.941  0.1010E+02  0.3155E+02
   2.951  0.3412E+01  0.3161E+02
   2.961  0.2810E+01  0.3164E+02
   2.971  0.2208E+01  0.3167E+02
   2.981  0.1548E+01  0.3169E+02
   2.991  0.1415E+01  0.3170E+02
   3.001  0.1283E+01  0.3172E+02
   3.011  0.1151E+01  0.3173E+02
   3.021  0.1096E+01  0.3174E+02
   3.031  0.1066E+01  0.3175E+02
   3.041  0.1036E+01  0.3176E+02
   3.051  0.1007E+01  0.3177E+02
   3.061  0.9771E+00  0.3178E+02
   3.071  0.9474E+00  0.3179E+02
   3.081  0.9177E+00  0.3180E+02
   3.091  0.8881E+00  0.3181E+02
   3.101  0.8584E+00  0.3182E+02
   3.111  0.8287E+00  0.3183E+02
   3.121  0.7990E+00  0.3183E+02
   3.131  0.7694E+00  0.3184E+02
   3.141  0.7397E+00  0.3185E+02
   3.151  0.7100E+00  0.3186E+02
   3.161  0.6821E+00  0.3186E+02
   3.171  0.6752E+00  0.3187E+02
   3.181  0.6751E+00  0.3188E+02
   3.191  0.6750E+00  0.3188E+02
   3.201  0.6750E+00  0.3189E+02
   3.211  0.6749E+00  0.3190E+02
   3.221  0.6749E+00  0.3190E+02
   3.231  0.6748E+00  0.3191E+02
   3.241  0.6747E+00  0.3192E+02
   3.251  0.6747E+00  0.3192E+02
   3.261  0.6746E+00  0.3193E+02
   3.271  0.6746E+00  0.3194E+02
   3.281  0.6745E+00  0.3194E+02
   3.291  0.5521E+00  0.3195E+02
   3.301  0.5210E+00  0.3196E+02
   3.311  0.4899E+00  0.3196E+02
   3.321  0.4588E+00  0.3197E+02
   3.331  0.4277E+00  0.3197E+02
   3.341  0.3965E+00  0.3197E+02
   3.351  0.3654E+00  0.3198E+02
   3.361  0.3343E+00  0.3198E+02
   3.371  0.3032E+00  0.3199E+02
   3.381  0.2721E+00  0.3199E+02
   3.391  0.2410E+00  0.3199E+02
   3.401  0.2099E+00  0.3199E+02
   3.411  0.1788E+00  0.3199E+02
   3.421  0.1476E+00  0.3200E+02
   3.431  0.1165E+00  0.3200E+02
   3.441  0.8541E-01  0.3200E+02
   3.451  0.5430E-01  0.3200E+02
   3.461  0.2319E-01  0.3200E+02
