 &plot nbnd=  16, nks=    50 /
            0.000000  0.000000  0.250000
  -16.193  -12.082  -12.002  -12.002   -9.761   -9.761   -7.635   -7.061   -2.147   -2.147
   -0.666   -0.159   -0.159    0.117    0.117    0.484
            0.000000  0.032075  0.250000
  -16.190  -12.223  -12.006  -11.863   -9.767   -9.751   -7.618   -7.055   -2.195   -2.187
   -0.791   -0.209   -0.086    0.160    0.168    0.531
            0.000000  0.064150  0.250000
  -16.179  -12.398  -12.016  -11.695   -9.784   -9.724   -7.570   -7.039   -2.328   -2.300
   -1.041   -0.324   -0.003    0.283    0.311    0.682
            0.000000  0.096225  0.250000
  -16.162  -12.575  -12.032  -11.531   -9.807   -9.680   -7.495   -7.013   -2.522   -2.465
   -1.325   -0.462    0.019    0.464    0.521    0.880
            0.000000  0.128300  0.250000
  -16.138  -12.751  -12.053  -11.377   -9.829   -9.619   -7.397   -6.976   -2.752   -2.661
   -1.618   -0.603   -0.001    0.685    0.773    1.094
            0.000000  0.160375  0.250000
  -16.107  -12.925  -12.079  -11.238   -9.841   -9.544   -7.284   -6.928   -3.003   -2.874
   -1.912   -0.740   -0.043    0.931    1.051    1.324
            0.000000  0.192450  0.250000
  -16.070  -13.098  -12.107  -11.120   -9.835   -9.456   -7.162   -6.870   -3.264   -3.091
   -2.204   -0.870   -0.096    1.191    1.345    1.568
            0.000000  0.224525  0.250000
  -16.026  -13.267  -12.137  -11.028   -9.802   -9.356   -7.040   -6.802   -3.529   -3.302
   -2.490   -0.992   -0.156    1.458    1.647    1.823
            0.000000  0.256600  0.250000
  -15.975  -13.434  -12.167  -10.967   -9.736   -9.248   -6.924   -6.724   -3.791   -3.501
   -2.770   -1.104   -0.217    1.729    1.953    2.089
            0.000000  0.288675  0.250000
  -15.919  -13.596  -12.197  -10.935   -9.638   -9.131   -6.822   -6.637   -4.048   -3.680
   -3.042   -1.206   -0.278    1.997    2.257    2.365
            0.000000  0.320750  0.250000
  -15.857  -13.753  -12.226  -10.925   -9.513   -9.010   -6.744   -6.540   -4.297   -3.832
   -3.306   -1.298   -0.336    2.261    2.557    2.650
            0.000000  0.352825  0.250000
  -15.791  -13.905  -12.252  -10.931   -9.370   -8.886   -6.696   -6.434   -4.534   -3.951
   -3.559   -1.379   -0.390    2.517    2.849    2.944
            0.000000  0.384900  0.250000
  -15.720  -14.051  -12.276  -10.945   -9.217   -8.762   -6.683   -6.321   -4.756   -4.034
   -3.801   -1.450   -0.438    2.759    3.129    3.246
            0.000000  0.416975  0.250000
  -15.646  -14.188  -12.297  -10.962   -9.061   -8.643   -6.704   -6.202   -4.959   -4.082
   -4.030   -1.510   -0.481    2.983    3.394    3.556
            0.000000  0.449050  0.250000
  -15.572  -14.314  -12.315  -10.980   -8.909   -8.533   -6.754   -6.079   -5.137   -4.242
   -4.102   -1.559   -0.516    3.174    3.637    3.811
            0.000000  0.481125  0.250000
  -15.501  -14.426  -12.329  -10.996   -8.771   -8.437   -6.819   -5.959   -5.287   -4.433
   -4.103   -1.597   -0.544    3.302    3.699    3.850
            0.000000  0.513200  0.250000
  -15.439  -14.517  -12.339  -11.008   -8.657   -8.361   -6.886   -5.849   -5.400   -4.593
   -4.094   -1.625   -0.565    3.324    3.694    4.021
            0.000000  0.545275  0.250000
  -15.395  -14.579  -12.346  -11.015   -8.580   -8.313   -6.936   -5.766   -5.472   -4.706
   -4.085   -1.641   -0.577    3.292    3.743    4.135
            0.000000  0.577350  0.250000
  -15.378  -14.601  -12.348  -11.018   -8.553   -8.296   -6.955   -5.734   -5.496   -4.748
   -4.081   -1.646   -0.581    3.275    3.767    4.175
            0.033333  0.577350  0.250000
  -15.374  -14.604  -12.371  -10.982   -8.580   -8.273   -6.986   -5.728   -5.465   -4.748
   -4.086   -1.730   -0.483    3.273    3.643    4.298
            0.066666  0.577349  0.250000
  -15.362  -14.612  -12.434  -10.884   -8.643   -8.223   -7.072   -5.710   -5.381   -4.748
   -4.099   -1.921   -0.246    3.267    3.440    4.400
            0.099999  0.577349  0.250000
  -15.341  -14.626  -12.521  -10.739   -8.724   -8.164   -7.195   -5.679   -5.262   -4.750
   -4.121   -2.147    0.056    3.247    3.256    4.239
            0.133332  0.577348  0.250000
  -15.312  -14.647  -12.615  -10.562   -8.814   -8.104   -7.338   -5.635   -5.123   -4.757
   -4.152   -2.372    0.390    3.082    3.237    3.963
            0.166665  0.577347  0.250000
  -15.275  -14.676  -12.706  -10.366   -8.910   -8.047   -7.490   -5.580   -4.980   -4.771
   -4.191   -2.581    0.743    2.952    3.209    3.691
            0.199998  0.577347  0.250000
  -15.230  -14.715  -12.786  -10.160   -9.010   -7.996   -7.640   -5.512   -4.841   -4.798
   -4.239   -2.763    1.107    2.859    3.168    3.426
            0.233331  0.577346  0.250000
  -15.177  -14.763  -12.850   -9.951   -9.113   -7.952   -7.780   -5.431   -4.844   -4.714
   -4.292   -2.910    1.473    2.804    3.110    3.167
            0.266664  0.577346  0.250000
  -15.115  -14.822  -12.897   -9.751   -9.220   -7.917   -7.900   -5.339   -4.911   -4.605
   -4.349   -3.016    1.832    2.789    2.917    3.036
            0.299997  0.577345  0.250000
  -15.046  -14.891  -12.924   -9.574   -9.328   -7.985   -7.894   -5.234   -5.003   -4.518
   -4.406   -3.079    2.167    2.675    2.813    2.955
            0.333330  0.577344  0.250000
  -14.969  -14.969  -12.933   -9.437   -9.437   -8.017   -7.885   -5.116   -5.116   -4.458
   -4.457   -3.099    2.442    2.442    2.873    2.873
            0.317457  0.549852  0.250000
  -15.049  -14.888  -12.926   -9.541   -9.361   -7.984   -7.894   -5.241   -4.993   -4.497
   -4.425   -3.082    2.230    2.600    2.802    2.964
            0.301584  0.522359  0.250000
  -15.134  -14.800  -12.904   -9.646   -9.343   -7.920   -7.885   -5.377   -4.859   -4.523
   -4.416   -3.036    2.027    2.634    2.737    3.084
            0.285711  0.494867  0.250000
  -15.221  -14.705  -12.870   -9.751   -9.370   -7.966   -7.735   -5.519   -4.714   -4.531
   -4.428   -2.964    1.833    2.579    2.676    3.232
            0.269839  0.467374  0.250000
  -15.309  -14.604  -12.825   -9.856   -9.426   -8.033   -7.554   -5.663   -4.558   -4.519
   -4.457   -2.871    1.648    2.478    2.615    3.404
            0.253966  0.439882  0.250000
  -15.397  -14.495  -12.771   -9.960   -9.495   -8.120   -7.361   -5.806   -4.494   -4.483
   -4.392   -2.760    1.473    2.358    2.549    3.598
            0.238093  0.412389  0.250000
  -15.484  -14.380  -12.711  -10.064   -9.570   -8.225   -7.172   -5.946   -4.529   -4.424
   -4.214   -2.633    1.308    2.228    2.472    3.809
            0.222220  0.384896  0.250000
  -15.567  -14.259  -12.645  -10.167   -9.643   -8.346   -7.003   -6.081   -4.550   -4.342
   -4.025   -2.493    1.154    2.097    2.383    3.792
            0.206347  0.357404  0.250000
  -15.648  -14.131  -12.575  -10.271   -9.710   -8.479   -6.870   -6.210   -4.540   -4.238
   -3.826   -2.342    1.009    1.966    2.277    3.648
            0.190474  0.329911  0.250000
  -15.724  -13.997  -12.504  -10.376   -9.770   -8.621   -6.785   -6.331   -4.485   -4.113
   -3.617   -2.179    0.874    1.837    2.155    3.513
            0.174601  0.302419  0.250000
  -15.796  -13.857  -12.433  -10.483   -9.819   -8.768   -6.755   -6.444   -4.379   -3.969
   -3.397   -2.008    0.750    1.711    2.015    3.300
            0.158729  0.274926  0.250000
  -15.863  -13.712  -12.363  -10.592   -9.856   -8.915   -6.777   -6.549   -4.221   -3.809
   -3.166   -1.829    0.636    1.588    1.858    2.902
            0.142856  0.247433  0.250000
  -15.924  -13.561  -12.297  -10.706   -9.881   -9.059   -6.842   -6.645   -4.020   -3.634
   -2.926   -1.643    0.532    1.467    1.683    2.512
            0.126983  0.219941  0.250000
  -15.979  -13.406  -12.236  -10.825   -9.894   -9.197   -6.937   -6.731   -3.787   -3.447
   -2.676   -1.453    0.438    1.347    1.494    2.133
            0.111110  0.192448  0.250000
  -16.029  -13.245  -12.180  -10.951   -9.893   -9.324   -7.050   -6.808   -3.535   -3.250
   -2.417   -1.258    0.354    1.228    1.291    1.768
            0.095237  0.164956  0.250000
  -16.072  -13.081  -12.132  -11.085   -9.882   -9.437   -7.170   -6.874   -3.272   -3.047
   -2.150   -1.063    0.279    1.078    1.108    1.419
            0.079364  0.137463  0.250000
  -16.109  -12.913  -12.091  -11.227   -9.862   -9.535   -7.290   -6.931   -3.008   -2.842
   -1.875   -0.868    0.213    0.862    0.987    1.090
            0.063491  0.109970  0.250000
  -16.139  -12.742  -12.059  -11.377   -9.836   -9.616   -7.401   -6.978   -2.753   -2.641
   -1.594   -0.678    0.151    0.647    0.789    0.864
            0.047619  0.082478  0.250000
  -16.163  -12.569  -12.033  -11.535   -9.808   -9.680   -7.497   -7.014   -2.520   -2.454
   -1.311   -0.496    0.090    0.447    0.524    0.741
            0.031746  0.054985  0.250000
  -16.180  -12.394  -12.016  -11.698   -9.784   -9.725   -7.571   -7.040   -2.326   -2.296
   -1.035   -0.334    0.016    0.277    0.310    0.622
            0.015873  0.027493  0.250000
  -16.190  -12.221  -12.006  -11.865   -9.767   -9.752   -7.619   -7.055   -2.194   -2.186
   -0.789   -0.209   -0.086    0.159    0.167    0.525
            0.000000  0.000000  0.250000
  -16.193  -12.082  -12.002  -12.002   -9.761   -9.761   -7.635   -7.061   -2.147   -2.147
   -0.666   -0.159   -0.159    0.117    0.117    0.484
